6.02474
5.78782
6.22755
5.96104
6.0477
6.2387
5.90164
5.99538
6.21854
6.31302
6.17524
6.03563
5.98015
6.17445
6.34242
6.22262
6.04071
6.00595
6.05138
6.05553
5.74117
5.89366
5.95102
6.02436
5.91032
6.17572
5.84764
6.10592
6.00057
6.35353
6.00367
5.98059
5.87742
6.24894
5.94249
6.08796
6.20837
6.21682
6.22337
6.3417
6.08512
6.24374
6.06244
6.21179
5.79186
6.06294
5.86124
6.0919
6.25425
6.3129
6.24894
5.76384
5.98841
6.33675
5.79929
6.12324
6.07633
6.3695
6.18933
6.26322
5.79134
5.95041
5.9876
6.38686
6.10385
5.9059
6.21271
5.85513
5.88564
5.92878
6.24927
6.19225
6.02066
6.23985
6.00139
6.03845
5.88014
6.23095
6.12577
5.87287
6.36308
6.26063
5.75774
5.85703
5.70606
6.15444
5.82181
5.90023
6.2226
5.94289
6.24162
6.18341
5.95119
5.82142
6.26805
6.0049
5.96984
5.80576
6.35053
6.059
6.05752
6.16011
6.20264
5.7357
5.93732
6.18147
5.83014
6.05706
6.09738
5.99422
6.23382
6.08497
5.74625
6.09537
6.22439
6.10519
6.30119
6.00714
5.89747
5.96511
5.74237
6.0564
5.97127
6.02022
6.27983
6.03328
6.07779
5.91234
6.14269
6.25638
6.21115
6.14755
6.03955
5.86671
5.78957
6.11085
6.25133
6.30903
6.22607
6.30785
6.1941
5.85285
6.25948
6.20249
5.91951
6.37989
6.11396
6.08479
5.94908
6.24569
6.37508
6.19228
6.20297
6.03624
5.85979
6.13148
5.72715
6.27543
5.78274
6.22665
5.90918
5.78316
6.13093
6.00455
5.76023
5.84467
6.22888
6.31685
5.8993
6.04008
6.01375
6.25193
5.95043
5.95881
6.15872
6.25913
5.83562
6.10766
6.17397
6.3695
5.93552
6.15506
6.09158
5.97295
6.16463
6.02704
5.97092
6.26117
6.03428
6.00613
5.93933
6.23122
5.93747
6.21287
6.15141
5.79604
6.37829
5.98724
5.87537
6.10018
6.27783
6.03872
5.92415
5.86539
5.94414
5.88547
5.99109
5.97923
6.15476
6.0789
6.35561
5.78622
5.91163
5.90713
5.81105
6.05444
6.12954
6.18974
6.00324
6.16491
6.00521
6.10222
5.90368
5.98657
6.02919
6.09744
6.03232
6.15548
5.85883
6.31233
5.74203
6.16309
6.18725
6.33516
6.0038
6.00341
5.84104
6.20016
6.18961
5.9336
5.9443
5.83661
6.1125
6.37902
6.281
6.16241
6.02886
6.05957
5.92305
5.93273
5.8278
6.06027
6.19511
5.79088
5.76139
6.21742
6.34537
5.99215
5.85342
5.9984
5.96808
6.17713
5.91306
6.05092
5.85633
5.92464
6.26891
6.14478
6.1515
6.03111
6.23032
6.06514
6.11259
5.8115
6.23384
6.211
5.94378
5.82361
5.91769
6.08375
6.1836
5.71133
5.92732
6.06454
6.21383
6.11585
6.01023
5.89905
5.99556
6.18136
5.86904
5.85405
6.16187
5.87961
6.11067
6.17905
5.76489
5.96918
6.02771
6.12647
5.98064
5.82018
5.98585
6.07805
5.91798
6.1631
6.08513
5.98742
5.88718
5.91759
5.95293
6.14577
6.11634
5.90619
6.04356
5.98589
6.07198
5.90721
5.6627
6.03549
5.85777
5.86131
6.05943
6.00545
6.05352
5.77572
5.87342
6.00235
5.96638
5.9862
5.86087
5.94967
6.32639
6.09403
6.14768
6.06549
6.10135
6.08257
6.1933
6.09915
6.10722
5.76495
5.88931
6.20369
6.12555
5.99016
5.82823
5.85073
5.97653
6.02067
5.9951
5.97058
6.15085
5.98584
5.88262
5.92706
6.03822
5.96485
6.35734
5.99852
5.79459
6.11696
6.00257
6.13336
6.00905
5.86211
5.81268
5.81595
6.19345
5.98192
5.75763
5.79551
5.92227
6.31395
6.12132
6.11271
6.13069
6.13516
5.75841
5.77415
6.02857
6.0795
6.26642
5.90316
6.08114
5.67497
6.26308
5.81076
5.74056
6.11999
5.97084
6.29592
6.11071
6.04133
6.25924
5.6787
6.33286
6.03128
6.11086
6.02104
5.84284
6.10636
5.69737
6.1412
5.83972
6.16822
6.03026
6.13352
6.12883
5.76743
5.96727
6.14095
6.36887
6.09971
5.89384
5.694
6.17028
5.74403
5.84165
5.93691
6.20501
5.99181
6.21779
5.83722
6.0059
6.26712
6.17346
6.34108
6.20944
6.00676
5.97908
5.80513
5.89674
5.89023
6.15227
6.0558
6.02361
6.30398
5.83774
5.88506
5.91681
6.17004
6.23392
6.04628
6.06256
5.98868
5.9353
6.09265
5.98409
5.87947
6.02811
6.10483
5.95023
6.11778
5.89186
5.99775
6.07838
5.71492
5.84125
6.18644
6.16895
6.10751
5.85485
6.10345
5.78647
6.02401
6.18969
6.03264
6.09997
5.89111
5.83094
6.29982
6.12452
5.89375
5.85053
5.87905
5.81276
5.99498
6.25357
5.97615
5.81591
5.8752
5.83831
5.89944
6.27559
5.93359
6.23364
6.23064
6.26652
5.90868
5.88586
5.88868
5.85012
5.86835
6.03402
5.87349
6.06289
5.88727
5.83988
6.03338
6.13685
5.82997
5.84292
5.94799
5.99088
5.86102
5.90443
5.89756
6.00075
5.9813
6.07535
5.85727
6.16042
5.96129
6.02949
5.86483
5.90841
5.76819
6.13696
5.9234
5.93811
5.96521
6.10062
5.90006
5.96827
6.12002
6.07695
5.9218
6.2064
6.02704
5.89993
5.91251
5.84063
5.9644
5.77608
6.01007
5.8963
5.96597
6.10578
6.06141
5.83578
5.94206
6.12058
6.30382
5.86752
6.19993
5.85069
6.12555
5.69226
6.36726
6.20133
6.18122
6.27663
6.16179
5.92547
5.76637
5.70249
6.3203
6.27529
5.88507
5.98216
5.97575
5.87735
6.22552
6.16535
5.91241
6.23589
5.68206
5.95476
6.26878
6.12385
5.8085
5.98975
6.17028
6.10691
6.30933
5.83817
6.30532
6.18084
5.96896
5.86209
6.31339
5.98404
6.29786
6.1013
5.96719
5.74076
6.2087
6.14839
6.3201
6.04395
6.17767
6.21945
6.02953
6.18495
6.07969
5.91962
6.22906
5.72498
5.87038
5.78157
5.98674
5.95056
6.16032
5.87361
6.18384
6.11439
6.2165
6.12545
6.12528
5.8666
5.88771
6.07207
5.91559
5.75283
5.78145
5.77008
6.09837
6.13065
5.87465
5.84537
6.13464
5.83054
6.13567
5.952
5.88892
6.16575
6.05398
6.18518
6.10969
5.86238
6.16569
6.17798
6.16754
6.11943
5.72213
6.29626
5.89332
6.28373
6.14443
5.7078
6.16765
5.82539
5.9916
5.73933
5.81133
6.24906
6.1952
5.88713
6.20771
5.95471
5.84423
6.26308
5.79218
6.11965
5.94768
5.87439
5.79591
5.96939
5.64109
6.06979
6.06144
5.66801
5.99168
6.0754
5.90299
5.80072
6.02748
6.01044
5.91945
5.84417
5.78539
5.84459
6.1681
5.90454
6.1237
5.92627
5.84118
5.97637
6.29936
5.87083
6.22725
6.18788
6.19868
6.17991
6.11175
6.04696
5.79816
5.92594
5.99703
6.17658
5.93881
5.94694
6.13299
5.88556
5.79198
6.10343
6.05729
6.03817
6.08912
5.79214
5.78331
6.08039
5.78058
5.90808
5.97526
6.19451
5.981
5.81907
6.0668
5.90318
6.11758
6.06193
5.79645
5.86183
6.25397
5.98945
6.27546
5.72087
6.17985
5.72336
5.88564
6.049
6.33169
5.90787
6.18793
5.80226
5.99452
5.82813
5.89234
6.1068
5.82566
5.69616
5.74299
6.04014
6.06942
6.11473
5.88175
6.15366
5.98153
5.77864
6.30638
5.66628
6.02019
5.73742
6.04231
5.66235
6.06602
6.07168
5.91246
5.74725
6.0321
5.73038
6.37724
5.77439
5.9047
6.1625
5.99203
5.72255
6.05564
5.95488
6.29005
5.88088
6.19246
5.9628
6.09192
5.88547
6.27691
5.83825
6.30878
6.05461
5.76291
5.80814
6.23222
6.2561
5.90383
6.09701
5.85406
5.77796
6.22703
5.86043
6.16615
6.1753
6.0587
5.91121
6.20205
5.86076
6.00655
5.70704
5.96604
6.10006
6.15397
5.7455
5.96486
5.7284
6.33299
5.84621
5.85918
5.71263
6.21335
5.77524
5.83646
5.76872
5.92375
5.89593
6.0158
5.7073
6.21
6.07553
6.11041
5.89425
6.02291
5.71555
6.24478
6.0551
5.98713
5.76001
5.99571
5.92226
5.81736
5.86921
6.03519
6.08996
5.94785
5.72526
5.83642
5.69024
6.09361
6.08615
5.78044
6.0729
6.11559
5.57746
6.13974
6.24223
6.01659
5.78819
5.87908
5.82891
5.90235
5.67877
5.79841
5.74698
5.89088
5.85174
5.84983
5.9406
6.07201
6.02078
5.71483
5.98916
6.10744
6.0831
6.12764
5.90424
5.90554
5.80355
6.17273
5.84226
5.91103
6.06265
6.01635
6.02992
5.90517
5.74118
5.89995
6.21056
6.03295
6.12945
6.08916
5.7908
6.1839
5.91247
5.68839
5.73577
6.07057
6.11122
6.02304
5.89006
6.05699
6.26333
5.85613
5.90962
5.73304
5.78785
5.92305
5.95545
6.06945
5.71682
5.69167
6.18678
5.9929
5.95075
6.0386
5.84068
6.09543
6.19235
5.86718
5.81365
6.2203
6.1793
6.16281
5.98669
6.28219
6.17017
5.98161
6.05032
5.95402
5.92346
6.12201
5.82836
5.97249
6.3336
5.85647
5.71486
6.14618
6.24626
6.05866
5.95438
6.14516
5.87361
5.92471
5.91156
6.11631
5.74743
6.23802
6.09429
6.12044
5.69787
6.2738
5.9971
5.9516
5.71676
5.93448
5.77794
5.74258
6.0501
5.73398
6.09661
6.17279
5.94748
6.08631
6.09169
6.29389
5.972
6.04043
5.9393
6.186
6.17447
5.84076
5.90177
6.23078
6.31438
5.77481
6.19953
5.98371
6.02742
5.70594
5.99131
6.06084
6.28753
6.00787
5.81045
6.24536
6.15289
6.19492
5.83054
6.23172
6.21178
6.22649
5.96928
5.76784
6.13335
6.22393
5.88275
6.01931
6.17621
6.09454
6.13824
6.15435
5.94886
5.84054
6.43101
5.96785
5.99222
6.25061
5.9326
6.27169
6.06446
6.09796
6.25587
5.96225
6.06492
6.18416
6.15065
6.33736
5.864
5.99709
6.23624
6.00945
