2.10524
3.16731
2.20494
3.12553
1.30421
1.99322
3.619
2.00585
1.97738
2.41844
2.38988
1.80418
1.24957
2.02375
3.23589
2.41158
2.36108
2.4942
2.7191
1.04153
1.62017
2.69597
2.01798
2.0374
1.80076
3.26676
1.56436
2.99262
2.64282
2.18089
2.88687
3.37655
2.18762
1.14405
2.54572
2.11418
2.09184
1.28897
1.58241
3.13904
2.52288
2.54307
1.2038
1.9969
1.64774
1.98987
1.8366
2.38625
0.944241
2.52172
2.09935
1.58016
0.938859
2.86099
1.54508
2.48198
2.73204
3.39256
3.44209
2.67027
1.24798
2.04202
1.28966
2.87659
2.27396
1.43703
1.94509
1.70079
2.49217
2.23864
2.91133
2.46704
2.50727
1.49259
3.43456
2.19429
2.47885
2.20905
2.13402
2.11091
2.76634
2.50499
2.22765
2.60485
2.96224
2.35826
2.72365
1.55435
1.80886
1.87009
1.30885
2.65361
0.995278
2.51835
2.10013
2.04848
2.79708
0.812761
2.75667
2.00562
1.50639
2.85857
3.33908
1.2797
1.2261
2.04689
1.31022
2.60413
2.17559
1.83432
1.35085
2.75899
1.55485
2.06744
1.39506
2.63658
1.32314
1.76532
3.23897
1.78714
1.22992
2.45208
2.21114
1.76829
3.28007
2.35848
1.87481
2.10146
3.02644
2.77629
1.36243
1.79974
2.22615
3.50442
2.63983
3.39864
0.821924
2.55141
0.551991
2.74099
2.43797
2.56601
1.95848
2.09032
3.10274
3.55492
2.8366
2.28022
3.24755
1.53401
3.09262
2.9132
2.26598
1.8527
2.55944
1.71954
1.67341
3.03348
1.23245
1.76072
2.94895
1.1748
1.78142
2.32512
1.09241
1.18339
1.58643
3.3791
3.16346
3.0427
3.17198
3.17171
2.2852
1.43559
2.38355
1.12071
1.15759
2.45903
1.38246
3.05892
3.62175
2.84866
2.65685
1.17354
2.98712
2.52676
1.05297
2.61601
2.77934
2.20418
3.64088
1.32733
2.53662
1.64174
1.09407
1.96757
2.85371
2.21632
1.97458
1.98739
2.74767
1.6856
1.65165
2.88766
3.61211
1.70903
2.09933
2.18316
1.77771
4.03246
3.22181
2.0219
2.94321
1.76232
2.05366
2.29057
2.28663
1.67906
1.90504
1.54388
2.21256
2.47841
1.49865
1.33272
2.40771
2.47323
3.16164
2.46307
1.82205
1.94873
2.78147
1.63981
1.46524
2.23199
2.83769
1.62261
2.48125
2.18393
2.39835
2.26101
1.92933
3.20993
1.96504
2.94442
3.57228
2.84821
2.97283
1.71112
2.52721
3.13782
3.15542
2.62989
2.44238
1.45324
1.70952
3.1768
3.11462
2.84468
2.81943
2.24075
2.91816
1.67372
2.31869
2.77891
2.88527
1.73595
2.83362
2.12588
1.81108
1.89977
2.82681
3.12693
1.98959
1.49698
1.76661
1.93217
2.84781
1.45425
3.03489
1.74054
1.43775
1.38425
2.7098
3.21304
2.99751
2.37296
2.44811
3.117
2.04431
2.20895
2.99156
1.9425
2.5417
2.42671
1.78071
2.79317
1.68414
2.12901
1.80704
1.64026
2.31796
1.72073
2.33084
2.6313
1.95397
1.79464
1.52064
1.5456
3.0933
2.79675
3.35564
2.22625
1.49499
2.34264
3.02485
1.94574
1.95407
1.61036
2.75597
1.68978
1.08977
3.91869
2.45954
2.67405
2.06339
1.32567
2.94547
2.93455
3.56516
2.26237
2.98199
2.11706
3.30594
2.85782
2.17055
2.36578
1.85872
2.46382
2.2319
1.6436
1.41471
0.702074
2.32241
2.94409
1.61492
2.72445
2.86504
0.930895
1.37664
2.68329
1.91961
2.82175
1.28322
2.10075
1.80611
2.01425
2.72377
1.40562
3.1157
1.72512
3.41215
2.33446
2.24209
2.20655
2.36775
1.76412
2.03326
3.67322
1.70034
1.23265
1.20135
1.62033
2.73611
2.92651
2.75234
2.21998
2.87553
1.3332
1.91065
3.15811
1.4565
1.88228
2.76973
3.1288
2.03267
1.96078
2.66638
1.66452
1.244
2.13338
2.32077
3.07456
1.80198
3.41149
2.52446
1.99906
2.59223
1.44266
1.59311
1.40744
2.46816
2.48322
0.82492
2.46603
2.2143
1.55889
2.15591
1.93226
1.82588
3.08258
3.38079
1.93652
2.06073
3.01106
1.70755
2.303
1.55318
3.55198
2.38733
3.08375
1.18067
1.20341
2.38618
1.61736
2.99108
2.34294
2.87625
2.38288
3.66653
2.44061
2.18742
2.71742
2.20486
3.10151
3.24202
2.42349
1.74546
2.64735
2.07692
3.24739
3.1461
1.24329
2.7578
2.56712
1.77243
0.811844
2.67392
1.54816
2.17222
1.21547
3.21951
2.42407
1.51743
2.11813
1.79622
1.13151
1.7804
2.12055
3.13885
1.46006
2.4841
2.1587
2.82984
1.68324
3.57731
3.17667
2.39793
1.75347
2.54226
1.24333
2.66771
2.93832
2.07474
1.07868
1.57676
2.22435
1.56215
1.69868
1.33622
1.91926
2.74227
3.01869
3.40591
3.0295
1.44207
1.67787
3.63969
3.03347
2.84844
2.45939
1.82659
1.95143
2.48407
2.30082
1.99917
1.36441
1.51486
1.67246
2.35065
2.06199
3.15314
1.84181
1.49325
1.99655
1.91916
2.13964
2.27178
3.78417
2.67731
2.44979
1.77162
2.36567
2.08908
3.4412
1.41152
2.06962
2.86063
1.81152
2.76779
1.73098
2.49809
2.46252
2.69043
2.69369
1.25524
2.8237
1.79358
3.55891
2.45625
3.30143
2.59108
1.64997
2.35303
1.27626
2.05801
2.30387
2.30621
1.30588
3.31871
0.996933
1.23215
3.57522
2.77475
2.99456
2.94272
2.46787
2.09421
2.37555
1.3458
3.12233
1.96589
2.69708
3.97807
2.45857
2.89043
1.21881
1.99881
1.68866
2.22977
1.4578
1.50613
2.69964
0.891343
2.23684
2.6997
2.89457
3.02599
1.58381
2.59559
2.24348
1.70148
1.89399
2.17141
1.16912
2.15651
2.06602
3.08904
2.47508
1.31254
2.32962
3.02911
3.50374
2.49269
2.53961
2.2894
1.38085
2.25734
2.85342
1.28483
2.81137
2.37048
1.48271
2.19781
2.03165
2.71566
1.44161
2.61918
2.5123
1.37251
3.52786
1.40572
2.54875
1.27993
1.26963
2.32944
3.28968
1.91847
1.86378
1.91555
1.27485
2.36497
2.62399
2.77293
2.56358
1.61327
2.19097
1.93589
0.646228
3.04701
2.9182
2.17069
2.29018
3.13422
1.63374
2.14371
3.74798
2.73753
2.30967
2.94596
2.84193
3.09801
2.87363
1.86622
1.59185
2.68539
2.265
1.87407
1.23138
2.67816
2.5222
2.17895
2.52301
1.75469
2.26137
3.2031
1.28486
2.35003
3.54201
2.10501
2.79337
1.92945
2.96562
1.70515
1.88462
1.40516
2.70379
1.88842
1.87823
3.15182
1.32553
0.781082
1.50346
2.28438
2.95581
2.58734
2.59218
2.64154
1.79027
1.77052
1.96933
2.26638
1.52848
1.94883
2.07586
3.3951
3.23039
2.55308
1.33384
1.38459
2.48923
3.73021
2.57574
2.49454
1.6686
2.75206
2.91329
1.81937
3.35707
2.2264
2.17449
2.26971
2.42184
1.89384
2.58294
1.6505
1.51201
2.02789
1.73222
1.83285
2.90476
0.914513
0.803536
1.75492
1.30662
3.42694
2.0284
1.64146
2.19963
2.94737
2.62296
1.75757
2.3986
1.5432
2.74966
1.96303
2.98606
2.53083
2.51864
2.05579
1.5042
2.48077
2.42308
2.78155
2.84594
1.68572
2.47734
1.41712
2.30477
1.15285
2.135
3.16691
2.88049
2.00067
2.29148
1.53571
2.10549
2.51768
2.53895
2.95801
1.69086
2.33308
1.8379
2.51003
2.59682
2.05938
2.95083
1.31184
0.950835
1.81937
2.92841
2.92689
2.42554
3.17113
2.48189
2.94209
2.11524
2.38083
2.42792
1.50914
3.29255
2.84662
3.55699
1.78575
1.43123
1.02211
3.55682
2.1338
2.94153
2.84327
3.28783
1.0283
1.94698
0.97137
2.13719
2.84572
2.2515
2.07576
2.89774
2.68687
1.64751
1.67121
1.21731
2.47577
2.43608
1.75381
1.97171
1.70121
1.78995
2.17592
2.34513
2.44372
3.05017
1.99149
3.45087
3.08393
1.50075
2.97512
2.52935
1.38887
2.2463
1.70102
3.2569
2.06823
3.14
2.90759
0.997488
1.55573
2.00831
2.48326
3.06843
1.81814
2.24979
2.72956
2.47488
1.42203
2.64201
1.31104
3.10264
1.8798
2.68148
1.98812
3.7091
2.27655
2.80346
2.34054
0.898593
2.31073
2.26464
2.62709
1.34596
2.06944
2.96882
1.07582
2.48276
2.25372
2.52917
3.04204
3.45285
1.73109
1.26127
3.70401
1.32896
2.96709
2.01629
2.25043
1.05282
1.92253
1.92015
1.84629
1.95631
2.86406
1.46267
1.58209
2.18339
3.07797
2.24843
1.07395
2.43937
2.94687
3.62864
1.65612
2.73466
1.68504
3.49181
1.67574
1.07518
2.44073
0.821867
1.50775
1.50706
2.38077
3.81855
2.35859
1.87795
1.45566
2.58057
2.41381
2.8081
2.20959
0.975559
2.97923
1.9429
3.15068
0.495714
1.54536
3.23099
2.51793
1.69238
1.47009
2.50144
1.18636
0.592232
3.72133
2.38155
1.43885
2.04105
2.83254
2.38615
1.44333
1.92167
2.23529
1.68634
0.819885
2.87961
2.74089
2.98259
1.53773
2.53289
1.62269
2.40296
1.38506
1.3435
2.22737
1.30473
1.33137
1.98068
2.96434
1.96916
2.36727
1.23319
2.212
1.37666
2.31651
2.37829
2.60651
1.89417
1.72528
2.8647
1.9183
3.69727
1.85527
1.15389
2.10422
0.813929
2.0775
0.632855
1.67368
1.59507
3.2927
1.03088
2.98079
3.07011
3.00593
2.67528
1.56692
1.93889
2.34094
2.31857
1.87539
1.57956
3.61829
3.29552
2.26469
1.9856
2.48983
2.09233
2.15073
2.09984
2.1616
1.08168
2.58402
2.1153
1.59476
1.72434
2.45261
1.98908
0.86646
1.46012
2.0959
2.07062
2.12474
1.29892
1.77822
1.86033
1.86456
1.86791
1.60169
1.49604
2.92861
2.29914
2.70151
3.24985
3.43584
2.55732
2.90841
2.63425
1.18533
3.06474
2.06969
1.41524
1.97303
2.21351
3.36849
1.13182
1.74579
3.57681
1.46816
1.26328
3.27583
2.0399
