2.86178
1.82736
2.82436
1.90721
4.63705
3.12996
1.63074
2.98895
3.14485
2.61037
2.58392
3.34537
4.78577
3.051
1.96002
2.58031
2.55846
2.40796
2.22551
5.81405
3.54357
2.1861
2.94899
2.95688
3.28212
1.89047
3.73803
2.04033
2.27052
2.91328
2.07965
1.77121
2.68668
5.46213
2.3343
2.87959
2.9679
4.82309
3.93284
2.02027
2.41197
2.4552
5.0361
3.11071
3.51504
3.0469
3.19135
2.55292
6.62357
2.50341
2.97661
3.64763
6.37838
2.21488
3.75339
2.46708
2.2241
1.87749
1.79813
2.34554
4.64059
2.91398
4.64279
2.22029
2.68424
4.1098
3.19406
3.4426
2.36165
2.64838
2.14653
2.50999
2.40128
4.18057
1.74735
2.7519
2.37213
2.82065
2.87053
2.78216
2.30018
2.49926
2.58467
2.24851
1.92627
2.60974
2.1375
3.79595
3.44006
3.17786
4.76877
2.33019
5.97942
2.3116
2.98461
2.93139
2.13431
7.14325
2.3037
3.02101
4.02123
2.15496
1.85759
4.48207
4.84246
3.01993
4.44974
2.32594
2.80263
3.26782
4.61474
2.20551
3.69569
2.94827
4.46175
2.31557
4.76231
3.40286
1.82079
3.33779
4.66891
2.4699
2.70054
3.40454
1.91454
2.55812
3.24182
2.81344
2.02968
2.25351
4.55887
3.4158
2.713
1.67409
2.19316
1.79803
7.60573
2.47276
11.2793
2.30131
2.54068
2.28092
3.19609
2.96724
1.90783
1.79466
2.15538
2.66851
1.83187
4.07148
2.06139
2.12559
2.73744
3.25808
2.28948
3.56577
3.42244
2.06872
4.69205
3.53642
2.00382
4.9227
3.44159
2.58247
5.27294
4.93893
3.92634
1.86939
1.86482
1.9851
1.8959
1.97115
2.6039
4.15077
2.58385
5.58497
5.04117
2.48377
4.46594
2.08227
1.63885
2.16068
2.29278
5.08969
2.06374
2.38528
5.67055
2.39341
2.17112
2.72488
1.63129
4.69455
2.3407
3.78432
5.62251
2.94578
2.23509
2.70143
2.9755
3.06945
2.28478
3.58254
3.58681
2.03119
1.64561
3.44375
2.85382
2.7388
3.46218
1.50749
1.97268
2.86178
2.00857
3.35191
2.8296
2.6432
2.6806
3.68644
3.15124
3.99312
2.71414
2.46215
3.93934
4.49199
2.50412
2.46537
1.90797
2.49911
3.21552
3.23921
2.06439
3.75843
4.22269
2.83834
2.11574
3.69984
2.35407
2.83899
2.58078
2.62431
3.08102
1.8183
3.11063
2.16648
1.75826
2.16361
2.02799
3.54129
2.34371
1.89072
1.84692
2.30438
2.5365
3.9848
3.37019
1.95714
2.03729
2.10644
2.0761
2.67697
2.04515
3.69065
2.55017
2.17744
2.02973
3.41292
2.21233
2.89047
3.39659
3.17465
2.20401
1.93965
3.07228
3.88214
3.52871
3.21451
2.08715
4.00455
1.94989
3.49532
4.3009
4.12595
2.18736
1.88748
2.07299
2.57731
2.45505
1.89254
2.9328
2.79832
1.96186
3.01367
2.42431
2.42287
3.4316
2.2122
3.42305
2.80373
3.33568
3.73505
2.58012
3.38238
2.56811
2.3099
3.02869
3.43417
4.00168
3.87384
1.9032
2.11589
1.77401
2.7606
4.09122
2.52117
1.99797
3.0764
3.10736
3.66826
2.0547
3.57176
5.37522
1.49573
2.46365
2.24583
2.93377
4.35683
1.99405
2.04541
1.67352
2.64599
1.96543
2.81035
1.91365
2.1324
2.83232
2.56384
3.28256
2.46876
2.7749
3.71085
4.31695
8.21131
2.53586
2.10717
3.79309
2.19867
2.03425
6.28506
4.3414
2.24376
3.12308
2.11592
4.79328
2.84938
3.25707
2.94256
2.21686
4.24356
2.04042
3.47716
1.69822
2.62028
2.67722
2.77962
2.53788
3.32296
2.8588
1.58334
3.64248
4.85287
4.79263
3.57675
2.16449
2.15751
2.22404
2.7535
2.13202
4.60184
3.01385
1.82835
4.13907
3.22985
2.26246
1.88672
2.99169
2.89425
2.3489
3.49095
4.6146
2.86868
2.57279
2.04774
3.39111
1.77088
2.47944
2.84068
2.44302
4.18067
3.8358
4.278
2.36729
2.45904
6.90657
2.49031
2.63727
3.95681
2.79708
3.17427
3.35664
1.87098
1.76505
3.17113
3.09059
2.02577
3.45164
2.47243
3.97268
1.61713
2.44694
1.92522
5.25549
4.97902
2.60575
3.6091
2.00794
2.6749
2.14635
2.6611
1.69355
2.46117
2.73339
2.13626
2.67443
1.89915
1.89767
2.49879
3.45101
2.38124
2.81078
1.81224
1.88068
4.96266
2.26047
2.35528
3.42047
7.37664
2.2197
3.93541
2.75483
4.83722
1.87237
2.51843
3.92124
2.88829
3.28015
5.30065
3.41406
2.69501
1.86095
4.23712
2.48337
2.82925
2.06896
3.62601
1.61755
1.89633
2.58127
3.4404
2.39943
4.73817
2.18575
2.14402
2.95194
5.46383
3.71047
2.64304
3.72101
3.5292
4.68005
3.11378
2.12084
1.94627
1.71417
1.94733
4.35179
3.53639
1.71269
2.05396
2.19998
2.4025
3.22232
3.01763
2.35505
2.55055
3.01826
4.30477
4.00228
3.52012
2.48437
2.926
1.94627
3.16534
3.91289
2.97913
3.12162
2.73925
2.59903
1.55848
2.24133
2.44156
3.42927
2.47595
2.94887
1.73233
4.27163
2.83377
2.06542
3.18418
2.21728
3.422
2.37706
2.4224
2.26752
2.19033
4.75468
2.16738
3.38816
1.66394
2.52677
1.82558
2.27702
3.5834
2.48217
4.67333
2.80663
2.60869
2.5567
4.56854
1.8398
6.08006
4.73628
1.66201
2.20581
2.10509
1.99391
2.51226
2.79374
2.57858
4.22965
2.03927
3.15447
2.29182
1.57781
2.50625
2.05003
4.73115
2.85294
3.74278
2.81432
4.03694
3.97188
2.21353
6.59382
2.78318
2.28372
2.04259
2.06077
3.5876
2.29418
2.79422
3.59913
3.06681
2.75846
5.27771
2.83185
3.05386
1.88996
2.54753
4.70906
2.5622
1.93525
1.8019
2.40063
2.47985
2.66502
4.32139
2.54315
2.17588
4.78536
2.24805
2.54968
4.16649
2.82984
2.96781
2.27751
4.21729
2.26011
2.47942
4.17117
1.664
4.11287
2.34889
4.64914
4.85206
2.52147
1.87977
3.18712
3.33543
3.19774
4.8047
2.48062
2.2438
2.18977
2.30755
3.56594
2.63876
2.98058
9.43688
2.01202
2.01311
2.69286
2.67867
1.86028
3.75561
2.77649
1.57123
2.2523
2.62115
2.09954
2.14984
1.8923
2.14561
3.31042
3.87445
2.27879
2.52633
3.35967
4.78593
2.34628
2.43614
2.61952
2.44456
3.3199
2.64955
1.7918
4.52292
2.65914
1.74906
2.79672
2.2223
3.08622
1.97066
3.67305
3.0734
4.35514
2.19975
3.11075
3.08583
1.89395
4.25572
7.771
4.03167
2.4812
2.02709
2.34813
2.27723
2.19596
3.36679
3.39474
3.00582
2.57863
3.78506
2.99904
2.97135
1.73914
1.89565
2.32123
4.37921
4.31635
2.53065
1.57386
2.41765
2.48057
3.71489
2.24556
2.09789
3.32366
1.72715
2.66167
2.75791
2.72131
2.45219
3.14014
2.37442
3.56592
3.83066
3.00975
3.49684
3.29441
2.09626
6.33358
7.19733
3.46477
4.42407
1.72401
2.94581
3.77378
2.71909
1.97433
2.31296
3.35871
2.55048
3.92817
2.10806
2.98612
2.09439
2.36659
2.49161
2.78282
4.10839
2.30709
2.42899
2.17469
2.22481
3.50466
2.49781
4.09439
2.60092
5.05541
2.75988
1.92831
2.02246
2.84713
2.50623
3.93313
2.88266
2.42872
2.31661
2.08033
3.53757
2.47683
3.4313
2.25745
2.31829
2.78599
2.04767
4.31636
6.37968
3.33725
2.019
1.9636
2.48691
1.80705
2.56951
1.96268
2.7915
2.58838
2.46797
3.79194
1.83919
2.09191
1.76836
3.29323
4.32667
5.83383
1.71274
2.75821
2.13389
2.05335
1.91883
5.88798
2.95992
5.97933
2.91608
2.19843
2.62218
2.93724
2.02022
2.15044
3.77967
3.5067
5.0654
2.49429
2.48707
3.37049
3.14552
3.44505
3.3557
2.62282
2.54401
2.49622
2.01758
2.88503
1.72851
1.8575
4.21988
1.96503
2.31648
4.11315
2.76604
3.39517
1.79203
2.7892
1.88655
2.02777
6.03095
3.66856
3.09215
2.4466
1.99138
3.24192
2.67709
2.09395
2.52327
4.25807
2.26613
4.39347
1.93245
3.15048
2.16946
2.95215
1.62713
2.67508
2.12161
2.44613
6.49506
2.46253
2.69076
2.31669
4.29467
2.93456
2.05994
5.18436
2.47295
2.76975
2.37888
1.90273
1.70267
3.36719
4.67968
1.53314
4.36312
1.93691
2.92164
2.60028
5.55632
3.09
3.16226
3.26101
2.92123
2.09114
4.17554
3.84499
2.80647
1.91823
2.62652
5.40392
2.53046
1.98253
1.62899
3.66075
2.20004
3.5785
1.69115
3.42606
5.48739
2.54455
7.34054
4.0653
4.04042
2.43232
1.61944
2.50679
3.02903
3.94033
2.35241
2.53177
2.14488
2.66568
6.20874
2.10233
3.01412
1.87567
11.5652
3.7453
1.8332
2.36522
3.58634
3.88876
2.27535
5.21491
10.1192
1.59909
2.53558
4.05927
2.98642
2.18615
2.45884
4.02794
3.23693
2.76443
3.65455
7.30187
2.18161
2.25116
2.00551
3.93458
2.35068
3.65039
2.54769
4.20803
4.44548
2.84353
4.48863
4.29246
3.10307
2.10713
3.07678
2.5153
4.98316
2.65534
4.30367
2.55193
2.57173
2.20503
3.29327
3.53234
2.1365
2.97026
1.69687
3.23247
5.15785
2.71681
7.29116
2.7812
9.07408
3.61485
3.59481
1.85155
5.98787
1.99527
1.98244
2.02656
2.35261
3.8113
3.11541
2.53714
2.66802
3.29237
3.69772
1.63109
1.89068
2.78818
2.90835
2.48994
2.85984
2.80249
2.71731
2.7717
5.60318
2.43323
2.8402
3.64347
3.62188
2.50871
3.11446
6.72915
4.26796
2.96378
3.00707
2.80941
4.44049
3.44916
3.34561
3.15503
3.22249
3.85607
4.07379
2.09596
2.6768
2.20205
1.79717
1.87174
2.33363
2.06031
2.37282
5.00503
2.0464
2.93014
4.30877
3.1707
2.69358
1.80049
5.4639
3.52313
1.77179
3.99413
4.74723
1.90371
2.94595
