0.26185
0.30069
0.22798
0.223543
0.249654
0.252147
0.23338
0.230091
0.229035
0.229364
0.303896
0.236513
0.22053
0.249739
0.224547
0.224684
0.226671
0.233623
0.232093
0.232292
0.232526
0.239188
0.249224
0.242308
0.249196
0.219382
0.227615
0.23542
0.240153
0.231516
0.230124
0.225486
0.239496
0.234211
0.223387
0.232129
0.237445
0.247564
0.232854
0.235553
0.234889
0.227265
0.226807
0.232266
0.229779
0.232304
0.239028
0.221215
0.217392
0.234806
0.225512
0.238168
0.242187
0.235768
0.223073
0.23416
0.228581
0.220083
0.240347
0.243332
0.218867
0.228218
0.238004
0.228512
0.21916
0.232974
0.227565
0.230122
0.241296
0.222545
0.215621
0.233321
0.228776
0.241644
0.215241
0.21871
0.235232
0.22808
0.238179
0.236442
0.219555
0.23484
0.232955
0.243663
0.222633
0.21844
0.23781
0.229609
0.224824
0.223181
0.227767
0.232091
0.230974
0.246831
0.234622
0.230542
0.221236
0.234462
0.23402
0.240326
0.245124
0.221448
0.238752
0.22753
0.228091
0.229425
0.219948
0.229414
0.237251
0.23566
0.228721
0.238771
0.23451
0.223494
0.226406
0.225827
0.230739
0.246409
0.246492
0.22879
0.233203
0.238923
0.223056
0.236349
0.231503
0.246874
0.217108
0.235862
0.2451
0.226859
0.219701
0.249061
0.241411
0.233901
0.220565
0.229336
0.220862
0.219561
0.237246
0.228056
0.235325
0.227234
0.229959
0.247118
0.231668
0.23405
0.229044
0.232587
0.223738
0.221538
0.223934
0.243715
0.244002
0.226588
0.225684
0.233682
0.243029
0.238119
0.220549
0.234601
0.227027
0.223449
0.230917
0.222228
0.234149
0.224651
0.226175
0.230878
0.237592
0.233519
0.246512
0.237591
0.225167
0.231106
0.230257
0.249433
0.246804
0.22604
0.229789
0.230487
0.236397
0.226169
0.231753
0.224832
0.242581
0.217714
0.238404
0.231491
0.233519
0.225854
0.227212
0.217725
0.248044
0.227184
0.23498
0.229256
0.231695
0.237629
0.246326
0.235612
0.221009
0.243519
0.23055
0.228954
0.241743
0.233546
0.228433
0.234969
0.234363
0.246406
0.231964
0.228924
0.224783
0.217859
0.229191
0.230035
0.218715
0.224164
0.221729
0.236947
0.234073
0.224491
0.232093
0.223781
0.228455
0.226412
0.224983
0.241673
0.223884
0.237503
0.242181
0.230437
0.234021
0.228014
0.21918
0.234394
0.23583
0.232157
0.228303
0.229935
0.224215
0.226456
0.221219
0.242007
0.236453
0.226525
0.247812
0.228262
0.240398
0.252324
0.227383
0.233856
0.248223
0.222078
0.236382
0.242002
0.234825
0.21691
0.23854
0.225068
0.226536
0.229088
0.239442
0.228789
0.236404
0.223496
0.230172
0.227054
0.23622
0.221508
0.216169
0.225255
0.217486
0.250526
0.236297
0.228417
0.237383
0.22211
0.236341
0.226319
0.243566
0.233247
0.239383
0.247273
0.250296
0.220528
0.247406
0.236343
0.23291
0.238744
0.223442
0.238148
0.240887
0.244393
0.294525
0.242967
0.22486
0.219833
0.231852
0.219102
0.224275
0.237756
0.220638
0.240306
0.230491
0.233786
0.242097
0.24337
0.218716
0.223783
0.237422
0.218762
0.228036
0.221995
0.224229
0.230228
0.245918
0.2331
0.218488
0.235537
0.244756
0.233732
0.229803
0.248722
0.230989
0.224898
0.224111
0.220846
0.230804
0.23147
0.24304
0.23064
0.225877
0.231704
0.230493
0.241127
0.223034
0.248704
0.219471
0.233399
0.224266
0.249722
0.232987
0.228293
0.236669
0.232577
0.222229
0.224373
0.237139
0.222059
0.231602
0.229621
0.247437
0.227576
0.23796
0.229702
0.247053
0.229815
0.242338
0.221864
0.230719
0.225509
0.226988
0.234122
0.223642
0.218951
0.237308
0.229138
0.222447
0.23416
0.240147
0.22589
0.220131
0.241396
0.220773
0.220046
0.237434
0.225957
0.244938
0.230535
0.229222
0.237858
0.224686
0.230179
0.242917
0.218041
0.226399
0.226989
0.234209
0.227749
0.217637
0.25122
0.221832
0.245071
0.238394
0.22849
0.251836
0.227406
0.229474
0.249014
0.223671
0.223842
0.228932
0.236353
0.244481
0.241055
0.24127
0.231198
0.23038
0.239426
0.224112
0.218255
0.237491
0.23413
0.221121
0.226228
0.233569
0.234421
0.22675
0.227632
0.232407
0.234724
0.224532
0.224222
0.245676
0.236712
0.224085
0.242187
0.232047
0.239121
0.254677
0.236075
0.21998
0.247783
0.237876
0.221998
0.226853
0.249286
0.225369
0.235201
0.242836
0.240832
0.225001
0.247325
0.225354
0.216715
0.217356
0.244819
0.224072
0.227269
0.249654
0.231094
0.234706
0.225689
0.222893
0.23039
0.229104
0.240988
0.223521
0.22674
0.224862
0.239124
0.233803
0.219098
0.219043
0.232228
0.224558
0.220194
0.235212
0.228356
0.225523
0.236696
0.234845
0.238535
0.24084
0.240601
0.227009
0.225971
0.228905
0.243439
0.242931
0.238972
0.217192
0.243991
0.240754
0.23007
0.244722
0.238974
0.220724
0.238756
0.243437
0.230788
0.225346
0.223101
0.224222
0.238233
0.231776
0.222798
0.233657
0.24203
0.227365
0.235021
0.235437
0.229618
0.218106
0.230843
0.223668
0.244243
0.221704
0.22917
0.234641
0.227453
0.229434
0.236411
0.235313
0.223033
0.240836
0.232553
0.22245
0.224439
0.231084
0.238955
0.229942
0.231871
0.22793
0.225474
0.240578
0.243006
0.229706
0.234048
0.229322
0.218008
0.237366
0.234595
0.23454
0.247857
0.218226
0.229706
0.225481
0.231863
0.230017
0.222125
0.219041
0.24662
0.238324
0.222818
0.233343
0.22441
0.227024
0.237871
0.218986
0.227049
0.230876
0.228976
0.247834
0.233295
0.24173
0.23868
0.231613
0.238894
0.228174
0.223181
0.237374
0.223518
0.240896
0.233027
0.234139
0.230291
0.239442
0.232203
0.231016
0.224269
0.224722
0.24593
0.248169
0.236727
0.219504
0.236792
0.244344
0.233433
0.226368
0.240967
0.235739
0.23359
0.245266
0.244446
0.235439
0.241628
0.235544
0.242763
0.239368
0.242978
0.236782
0.230236
0.240795
0.220109
0.224491
0.220574
0.226754
0.228827
0.225257
0.235353
0.22535
0.242122
0.22671
0.226253
0.242723
0.23412
0.221117
0.223185
0.220713
0.232038
0.242382
0.24831
0.231207
0.224534
0.228167
0.235644
0.227606
0.245766
0.222273
0.223432
0.23215
0.238912
0.227449
0.230559
0.22182
0.22846
0.238066
0.235605
0.248313
0.218151
0.22212
0.224371
0.226077
0.230345
0.234352
0.232627
0.227886
0.228157
0.233611
0.233348
0.225927
0.233444
0.23914
0.230927
0.230725
0.235894
0.241166
0.222024
0.228683
0.231117
0.231922
0.218858
0.227172
0.223147
0.247519
0.243342
0.227548
0.236968
0.246743
0.230161
0.227744
0.24535
0.235457
0.235356
0.227292
0.220335
0.223634
0.239081
0.23189
0.228294
0.251326
0.225425
0.240201
0.227638
0.238309
0.220815
0.220888
0.235713
0.237426
0.221268
0.219562
0.226412
0.22939
0.235536
0.251179
0.236809
0.232111
0.224494
0.235077
0.233766
0.221033
0.223148
0.225103
0.243946
0.232872
0.225048
0.226819
0.245643
0.223597
0.240433
0.222523
0.288312
0.238665
0.225202
0.229889
0.22255
0.228086
0.233554
0.219348
0.225788
0.23368
0.235716
0.220196
0.221797
0.238098
0.236634
0.22489
0.239384
0.240106
0.228252
0.243449
0.238004
0.222883
0.230071
0.242355
0.23035
0.228696
0.223159
0.229956
0.239042
0.217708
0.239133
0.248165
0.232421
0.221912
0.224007
0.222
0.230668
0.241125
0.232236
0.221547
0.244443
0.225572
0.232757
0.228027
0.232189
0.238871
0.236751
0.235148
0.237835
0.227123
0.244012
0.249399
0.225675
0.226135
0.243725
0.22689
0.237472
0.22379
0.218488
0.230181
0.23795
0.230356
0.239967
0.231018
0.230478
0.231228
0.231264
0.232564
0.235637
0.238115
0.238583
0.224617
0.226817
0.219097
0.233677
0.229798
0.234825
0.229133
0.220922
0.224997
0.23535
0.28468
0.220313
0.228126
0.229931
0.228537
0.245366
0.224739
0.241419
0.235397
0.237504
0.313853
0.234118
0.218966
0.226273
0.219544
0.223755
0.228226
0.224978
0.2353
0.231342
0.231889
0.222226
0.233739
0.23936
0.232309
0.234186
0.223925
0.230898
0.221497
0.223861
0.224092
0.224094
0.23032
0.224879
0.230607
0.232314
0.226405
0.22838
0.22565
0.299184
0.305658
0.234193
0.238302
0.243577
0.232349
0.223155
0.230455
0.246627
0.225707
0.222255
0.249007
0.239832
0.225991
0.21903
0.227634
0.226626
0.221228
0.238443
0.224275
0.218515
0.242385
0.223538
0.245597
0.229799
0.23917
0.240297
0.222978
0.238686
0.236356
0.240339
0.22337
0.232052
0.231119
0.235074
0.218098
0.219065
0.224725
0.234685
0.232254
0.245001
0.235654
0.225616
0.234598
0.234353
0.238783
0.235823
0.230999
0.234799
0.224501
0.240995
0.24526
0.218823
0.237425
0.220317
0.223605
0.228308
0.231711
0.245418
0.247919
0.218324
0.241686
0.240735
0.235222
0.246554
0.222652
0.22138
0.222829
0.234386
0.237714
0.240312
0.237077
0.225468
0.225163
0.223605
0.238262
0.223016
0.224304
0.234595
0.231123
0.23323
0.221235
0.225674
0.230837
0.233833
0.24722
0.230153
0.219171
0.229795
0.238549
0.232899
0.244318
0.22935
0.274689
0.232186
0.278084
0.219952
0.247014
0.239089
0.228869
0.232757
0.220625
0.217265
0.251354
0.279308
0.218488
0.224465
0.244457
0.254351
0.228369
0.229992
0.218386
0.234593
0.232926
0.22892
0.219325
0.220581
0.22915
0.241275
0.231881
0.225659
0.221134
0.23262
0.244993
0.241633
0.225509
0.233706
0.234532
0.228183
0.235067
0.22522
0.234428
0.223282
0.236236
0.229791
0.235354
0.232389
0.221165
0.230719
0.250553
0.23725
0.240726
0.225928
0.227605
0.225652
0.227493
0.231338
0.230923
0.246597
0.229803
0.224287
0.244017
0.23631
0.223514
0.231325
0.233266
0.244318
0.230701
0.223768
0.225433
0.224386
0.232749
0.22862
0.221427
0.238103
0.235337
0.224287
0.238866
0.237117
0.224055
0.22948
0.221522
0.233737
0.22232
0.224825
0.234232
0.232033
