3.07639
5.57349
5.55209
6.30961
6.67149
4.00984
1.8839
2.97556
8.32522
3.01018
11.1448
6.3276
5.77863
6.85268
4.16259
2.99435
8.35715
4.77386
6.72831
6.69237
3.66812
4.74015
5.23063
3.63564
9.90918
4.88416
3.20336
8.09504
7.07956
3.58539
2.88387
6.10841
6.61043
3.13506
4.75342
2.52902
1.856
6.46196
2.85609
5.37866
5.69538
6.75158
4.15961
6.63788
2.93209
6.2756
5.61309
4.1756
4.22909
4.73638
2.26935
4.79452
8.45566
4.36284
8.33824
1.27433
6.54079
7.08391
3.35343
6.44469
6.89932
4.28514
2.7671
3.53482
3.83227
3.95427
3.67598
2.29888
5.48737
5.98754
1.97943
5.54826
2.66455
4.54902
6.54347
5.7088
3.77404
2.28462
4.05909
4.78298
3.43909
2.12473
5.748
5.19415
2.22894
4.10563
4.54235
6.30569
5.02086
4.23028
3.94976
5.94282
1.95814
5.5025
2.79708
2.22179
4.80634
5.64302
7.77733
6.36625
6.70599
6.81357
2.06472
7.29497
2.77442
2.56029
4.3155
2.71076
4.2299
4.7911
3.28731
6.34203
5.86436
4.52069
5.34998
7.10461
5.76242
7.70702
6.34994
2.5688
1.88015
4.6077
4.37949
6.3904
4.06424
5.84705
2.78604
4.37551
5.9593
5.09258
5.84265
7.45089
3.00966
1.58376
5.45224
2.66918
2.28994
3.84022
4.44689
1.70285
7.28967
3.36563
5.57274
9.08589
3.8501
1.79756
3.03699
3.551
4.15646
4.78794
3.47902
8.1214
7.61792
4.91589
6.40529
7.39126
5.60905
8.35711
3.72643
5.86987
3.27331
2.05069
2.90243
10.2108
3.34265
7.25195
6.15241
8.42805
3.39781
6.28178
7.7308
4.12348
5.7325
5.62452
6.39035
10.1346
7.61106
3.05658
4.82021
6.36388
5.09861
5.68449
4.84181
4.11238
4.19654
3.87875
3.46341
7.2828
3.51839
9.10041
2.45581
6.90533
4.17021
1.40874
4.62514
3.73941
1.59411
6.70927
4.79523
1.64131
2.43458
6.25081
8.04712
2.63623
6.13997
1.93029
2.8516
6.88958
6.01687
5.74601
1.91169
3.94955
5.16695
6.74319
4.75648
7.01326
3.87848
7.07231
2.52493
5.40062
2.98703
5.79376
3.55099
6.94648
4.775
3.36532
7.36297
2.07873
7.6484
3.80699
5.17503
2.27723
4.60798
2.05023
2.7287
1.89221
2.12734
6.57426
2.74931
3.83814
2.36746
5.6016
2.10637
5.81915
5.48284
3.74224
8.46352
5.0258
6.3985
6.3907
4.03877
2.9593
8.02687
8.20687
4.87818
6.58186
4.31394
8.73686
3.35344
2.49416
3.27114
2.83206
3.95877
3.35738
4.74079
5.90931
5.41607
5.95208
5.05013
6.34621
6.91608
4.55419
6.60891
5.75142
5.95507
2.28728
8.2614
2.61165
7.11485
6.88884
3.49579
3.93248
4.72147
6.94626
4.75794
5.26835
7.84644
5.61852
2.70879
2.9623
5.5376
7.90848
6.45637
5.71025
7.58987
6.02343
6.61625
3.50097
4.54416
2.42214
3.3754
4.31397
4.50171
7.0533
2.78694
7.33792
7.26407
6.68415
4.18155
8.08932
5.54077
3.47661
6.50862
3.61626
8.00132
6.62679
7.54396
4.6425
3.17445
2.9621
7.34716
5.17083
6.57632
5.55543
2.02182
2.03266
1.41334
5.74716
4.55405
5.65941
4.98227
3.76918
3.73172
3.0536
2.56571
4.14842
2.6388
3.79064
4.46551
6.66283
3.99462
6.9784
2.01269
4.27107
2.58872
5.26764
2.16976
4.67765
7.09275
3.41945
3.50572
1.72154
6.46066
3.89252
5.78837
4.43013
4.87573
1.66763
1.86132
6.5923
5.25257
3.46027
7.37525
3.61986
3.82118
5.10031
2.82654
3.63798
5.23109
3.60307
4.47001
4.56196
1.90705
6.94285
3.51589
7.46906
9.06444
5.14392
7.23748
5.48592
2.66832
5.42448
7.14037
3.23558
6.02488
10.1898
2.32696
3.45414
2.83395
3.49614
5.22099
4.44464
1.99502
4.96799
2.71044
2.30203
6.37543
3.66441
6.25185
4.18405
5.04639
4.3298
2.67366
4.42542
4.60477
4.65213
5.93195
1.91872
4.04601
7.10168
4.47579
2.30728
4.23841
4.42005
1.52057
5.63457
4.2743
4.57559
5.4413
2.54332
5.0543
4.12368
4.98506
3.40323
4.76671
3.36029
6.75993
5.59802
4.3474
5.7546
5.90596
2.53798
6.59729
4.66064
8.30196
5.97765
2.12654
7.94841
4.60172
3.66888
9.36073
5.97272
2.10494
8.8666
8.01002
2.96659
3.45993
5.06609
3.06398
2.2894
7.59427
5.26578
2.6259
3.77249
7.24596
2.15103
5.86034
5.00754
4.62441
4.46488
6.03025
5.75648
5.20418
5.3598
6.36808
3.82092
3.68944
2.56702
6.11321
4.5094
5.28813
3.44641
5.72877
3.80846
6.08581
7.16949
7.57353
1.44965
1.84118
7.3794
7.63862
5.81242
4.68632
6.00283
7.52686
5.43965
3.55783
7.24911
3.10062
6.24852
2.95994
4.25094
4.54098
4.79159
5.9428
3.78472
3.15444
3.14646
2.63861
5.57634
3.43576
6.19471
6.16876
5.56191
5.25013
4.76771
6.53465
4.9745
1.68732
4.21408
5.33991
8.27312
4.65081
5.81792
4.67169
5.75465
2.9562
7.6654
5.63936
3.13892
4.59375
6.08229
4.91749
4.98604
2.67706
5.09465
5.8431
4.25371
2.05795
2.32114
6.07299
6.58217
3.72561
4.80403
3.83574
4.2887
3.85586
5.79451
3.40667
4.64935
7.74025
3.71689
4.76663
6.16843
5.16423
5.4627
4.59355
2.12562
6.55438
3.51402
7.81618
8.94387
3.83089
1.36009
6.44763
4.12809
6.69835
6.83779
4.43219
5.59039
2.47689
3.59708
7.71296
3.22877
8.17622
2.29547
1.86513
2.05518
6.47683
2.88752
4.35698
2.71046
6.7474
7.18547
8.31554
2.46722
2.97733
5.56503
3.68688
8.70759
7.06318
4.561
7.23859
6.53801
6.87501
4.83315
4.77738
5.06685
4.95569
9.65836
4.4786
7.22332
5.41786
1.6109
7.27236
5.69257
7.28394
2.39473
5.54913
4.21731
4.81988
3.47046
3.40547
4.8022
4.35554
5.24474
5.34197
2.95823
6.85698
8.56296
3.4663
5.34711
7.48
6.33234
5.38241
3.15734
6.9778
4.18469
6.19505
7.08627
4.50858
2.34784
5.34489
3.32742
4.61544
6.53938
3.41914
5.69569
3.0941
6.24152
4.02485
5.86065
2.08561
4.40176
3.09144
2.62714
3.19259
5.46009
6.68601
5.5644
3.32367
3.53226
2.75188
3.64091
2.57289
5.07287
3.13583
4.67191
4.26216
4.08967
4.97126
2.09891
5.65636
6.27478
1.95524
4.62385
6.9608
3.81545
5.17908
5.57414
5.89293
2.68297
4.55324
8.23792
3.83605
5.64281
6.59927
2.37545
6.24885
3.90451
4.97469
3.80389
5.26315
3.3992
4.73284
2.7705
2.89737
3.3327
4.67004
4.00763
6.85252
5.46071
2.47838
2.53229
2.86058
6.13551
7.62072
2.22982
7.4918
4.46426
6.87862
2.61451
5.51686
1.7978
4.71944
3.4073
8.05256
4.1011
2.94421
4.98656
1.48852
4.79676
5.4682
7.49973
6.61342
8.01744
6.26588
2.68793
7.69106
6.76184
5.53294
3.2352
5.82583
3.87901
4.39513
4.21892
3.06721
7.93515
2.473
2.22747
4.71434
1.2051
5.12708
9.06993
3.85158
6.07368
5.3077
4.21277
5.37009
2.49898
6.23508
7.04017
4.32415
4.283
4.5886
3.14108
5.38935
7.09264
8.65835
3.89826
6.21536
4.13585
3.81708
5.80611
5.98128
4.53435
2.92567
3.37499
6.17541
2.19525
5.39528
7.6489
4.50748
6.39327
7.10215
2.07538
6.0021
7.98365
5.44832
3.07188
8.25428
6.80754
1.68689
3.90543
4.19012
4.78108
5.26081
6.6085
3.85991
2.92954
5.47428
1.62487
7.41329
4.94124
2.50806
2.48804
3.25945
2.53498
4.47941
5.54146
8.13798
7.06408
2.77165
1.81857
7.13752
1.43341
1.68235
2.76011
3.56437
5.69996
8.2902
5.56637
3.92878
6.53723
5.51112
3.38443
2.28399
4.87805
6.71779
7.77521
6.3382
6.05985
3.89963
3.1006
2.32163
8.64356
4.81222
5.74542
3.66742
6.26233
4.60817
3.42441
4.68658
7.72494
2.05397
8.02686
4.0661
3.72705
7.65984
5.56387
5.20041
6.95242
8.08578
5.20945
11.6432
3.85878
8.18092
3.39357
2.46775
5.63793
2.24346
5.26553
4.55367
5.06714
5.01868
4.77306
7.02686
5.07955
5.1606
6.59256
8.54294
1.89955
6.43544
5.53133
8.20893
7.68568
5.27055
6.18055
5.75634
5.37013
3.12491
4.114
5.32058
2.3528
9.42529
3.28672
5.79841
2.61103
4.5956
8.34343
4.90035
5.48099
7.75162
5.5044
1.65483
1.79931
3.13353
2.25324
4.25524
3.35615
6.12876
4.44207
9.76473
1.74034
6.16247
1.82921
8.37626
6.26043
7.90487
5.0128
2.77435
2.92077
7.82622
4.22478
5.33924
5.19542
2.83134
8.22285
4.78492
2.64622
3.2659
2.19889
6.47757
8.60747
6.41564
2.65154
6.52004
2.63154
5.80419
3.91655
3.22939
2.89874
2.98964
5.78634
7.90662
3.54995
1.81902
6.22111
6.58323
4.61774
4.80691
2.07054
2.94425
4.00081
4.06492
5.11919
4.51464
3.65872
4.71225
4.54118
4.08585
6.14719
3.92242
3.26777
3.70238
2.98576
5.48006
4.21935
5.18112
3.6409
5.31255
5.44229
6.40209
3.46118
7.46849
4.22583
6.27731
5.12263
9.13892
2.1171
5.01576
7.76003
4.50964
1.34003
4.34482
2.43523
6.01727
5.14507
3.17016
2.59454
3.89459
3.43148
4.50156
4.71961
6.09632
4.47899
3.62347
4.05733
5.62563
3.11948
7.77573
2.22125
6.96039
2.98751
7.83129
1.99998
6.4841
4.99905
3.88359
1.41039
2.32009
6.71634
2.90533
2.66314
6.6909
4.02971
5.25915
3.25503
2.74018
4.76458
1.80369
7.73989
6.09114
5.588
3.00733
3.96325
6.08316
4.28752
5.996
4.4092
4.69746
4.49562
4.07521
5.52871
6.43249
6.21377
4.15094
3.68487
5.30297
4.0754
