0.085116
0.05395
0.041062
0.035429
0.037421
0.062882
0.123881
0.077327
0.027511
0.076196
0.027268
0.037378
0.038163
0.036444
0.053944
0.075036
0.027123
0.048938
0.034495
0.03471
0.063391
0.05046
0.047647
0.066648
0.025148
0.044917
0.071055
0.029082
0.033922
0.064572
0.079797
0.036914
0.03623
0.074707
0.046995
0.091786
0.127934
0.038311
0.081529
0.043794
0.041242
0.033661
0.054526
0.034991
0.078367
0.037017
0.042584
0.052978
0.051404
0.049575
0.099373
0.049675
0.028642
0.05404
0.026753
0.183751
0.034947
0.031068
0.071672
0.037757
0.031723
0.053258
0.086012
0.064646
0.057188
0.058917
0.061906
0.100102
0.043973
0.037168
0.108931
0.042053
0.085859
0.05312
0.032894
0.038311
0.062329
0.099833
0.058678
0.049434
0.063841
0.110527
0.040528
0.046911
0.099883
0.053205
0.052354
0.036413
0.044778
0.052758
0.057666
0.039054
0.117956
0.044858
0.083881
0.103764
0.04603
0.041549
0.03009
0.03775
0.036553
0.032501
0.115634
0.03119
0.082212
0.089609
0.050967
0.084631
0.056089
0.049187
0.069577
0.037649
0.039989
0.049438
0.042319
0.031786
0.040042
0.031972
0.038818
0.089065
0.124034
0.051853
0.050932
0.036985
0.056961
0.042222
0.077927
0.053905
0.041129
0.044547
0.037603
0.033427
0.080212
0.147687
0.040454
0.08592
0.096449
0.057174
0.053351
0.133926
0.032282
0.067516
0.041265
0.027198
0.060172
0.130204
0.075418
0.065499
0.053829
0.04627
0.064367
0.030009
0.03203
0.046093
0.035234
0.031616
0.043328
0.028493
0.059185
0.039967
0.069357
0.108963
0.07956
0.021764
0.070049
0.030978
0.036762
0.027394
0.069925
0.037174
0.031887
0.057619
0.039279
0.041089
0.036032
0.024612
0.032427
0.073952
0.047672
0.036218
0.046365
0.039787
0.047865
0.054672
0.057805
0.05613
0.068835
0.031786
0.066371
0.024818
0.09252
0.03153
0.05948
0.161268
0.050805
0.061308
0.145344
0.035418
0.051369
0.143551
0.090779
0.038958
0.02865
0.086849
0.039372
0.12099
0.080107
0.034105
0.038951
0.042883
0.12134
0.057962
0.043504
0.032308
0.048185
0.0328
0.056392
0.031696
0.087816
0.043874
0.078363
0.038747
0.06536
0.032215
0.047844
0.067278
0.030556
0.11626
0.029272
0.062386
0.046798
0.101192
0.050786
0.111214
0.080324
0.123873
0.110857
0.035313
0.08304
0.059908
0.094707
0.040427
0.105024
0.041588
0.043126
0.060532
0.02928
0.045418
0.037571
0.039483
0.0563
0.079024
0.030924
0.02706
0.048457
0.036768
0.054434
0.024827
0.071133
0.090238
0.069253
0.080891
0.060484
0.068145
0.049866
0.037821
0.042498
0.038147
0.046775
0.034904
0.031256
0.049461
0.032908
0.043559
0.03968
0.099864
0.028734
0.085046
0.033218
0.032853
0.069674
0.059313
0.050701
0.035598
0.052606
0.041859
0.031531
0.042065
0.085983
0.080594
0.04035
0.030113
0.03731
0.042799
0.038805
0.040337
0.033986
0.062792
0.051022
0.090458
0.066444
0.055113
0.049012
0.03407
0.082704
0.03186
0.033328
0.03641
0.052305
0.027664
0.04285
0.062924
0.035036
0.061388
0.028024
0.034742
0.032598
0.05021
0.068827
0.079517
0.033313
0.045202
0.034944
0.044771
0.114248
0.110642
0.158568
0.038427
0.050681
0.0409
0.048781
0.061191
0.060529
0.075879
0.089836
0.058125
0.084521
0.06561
0.049148
0.03503
0.056142
0.035785
0.115759
0.053451
0.091423
0.044152
0.102421
0.047967
0.033434
0.06494
0.066064
0.133381
0.038299
0.058465
0.04111
0.05185
0.05067
0.137809
0.130197
0.033655
0.043925
0.065171
0.030777
0.064677
0.058527
0.042929
0.083957
0.062985
0.042524
0.064989
0.053724
0.049516
0.11543
0.034769
0.062793
0.029461
0.026194
0.043927
0.033843
0.042023
0.085905
0.043849
0.031467
0.07114
0.040319
0.021398
0.097294
0.065715
0.082644
0.065143
0.041685
0.056522
0.111193
0.04933
0.087954
0.099256
0.039501
0.062058
0.036705
0.059515
0.044323
0.051698
0.085625
0.053408
0.053093
0.051816
0.040673
0.120496
0.05694
0.033714
0.050072
0.094594
0.056033
0.05297
0.14542
0.04015
0.054645
0.051233
0.041672
0.089502
0.045982
0.056921
0.045041
0.065885
0.05154
0.070444
0.033149
0.043263
0.053376
0.041553
0.043122
0.093017
0.033344
0.053165
0.028653
0.037138
0.106677
0.031363
0.048975
0.064107
0.025942
0.040322
0.106892
0.027894
0.028134
0.073052
0.062821
0.048325
0.073131
0.09927
0.032874
0.043886
0.089381
0.059825
0.030761
0.107107
0.039094
0.048125
0.048335
0.050783
0.037289
0.04154
0.044926
0.040878
0.034397
0.060778
0.060865
0.085778
0.038476
0.05064
0.042647
0.068679
0.040994
0.062633
0.039574
0.033559
0.029974
0.15588
0.124325
0.032989
0.031803
0.041114
0.046346
0.040646
0.031986
0.042295
0.068784
0.032966
0.071187
0.03821
0.082244
0.054291
0.049625
0.046561
0.03773
0.062946
0.073476
0.070809
0.088553
0.043403
0.066176
0.037939
0.038166
0.041284
0.041543
0.048418
0.034228
0.049099
0.131394
0.054382
0.043941
0.027493
0.049332
0.040635
0.05037
0.038757
0.081468
0.030338
0.039446
0.071502
0.050304
0.039287
0.04676
0.046504
0.085142
0.044257
0.041173
0.057128
0.111619
0.100833
0.037761
0.033121
0.063712
0.048833
0.061146
0.057793
0.056596
0.039642
0.066188
0.04987
0.029717
0.059761
0.045953
0.039981
0.046149
0.040789
0.050798
0.105574
0.034637
0.067692
0.028017
0.025386
0.060267
0.168353
0.038438
0.056514
0.036088
0.034906
0.052257
0.042733
0.092121
0.062045
0.030776
0.069227
0.029463
0.101516
0.125535
0.112054
0.036969
0.080416
0.053022
0.082742
0.033305
0.034226
0.029844
0.095949
0.073725
0.04255
0.066274
0.026808
0.032049
0.052832
0.032567
0.035728
0.035675
0.050577
0.049282
0.047688
0.04753
0.025135
0.053447
0.033638
0.043704
0.142924
0.033111
0.038666
0.03082
0.092108
0.040863
0.054259
0.046735
0.067816
0.066173
0.050419
0.052051
0.043139
0.045437
0.079142
0.032247
0.026064
0.063674
0.043395
0.032404
0.039213
0.042956
0.071115
0.032699
0.056311
0.03674
0.034682
0.0493
0.095165
0.043434
0.071801
0.04928
0.035257
0.064876
0.040111
0.076942
0.037748
0.061695
0.037223
0.106501
0.050973
0.07313
0.087679
0.073405
0.042605
0.034084
0.041003
0.070287
0.066062
0.082099
0.064117
0.092946
0.045522
0.073577
0.050492
0.056583
0.054289
0.046001
0.110113
0.041002
0.034879
0.116186
0.04826
0.035559
0.063778
0.043936
0.042512
0.041871
0.085786
0.050018
0.029783
0.06138
0.041709
0.034442
0.092755
0.035788
0.061232
0.046614
0.060016
0.047752
0.066317
0.050752
0.082165
0.08225
0.066257
0.047299
0.058816
0.034648
0.04052
0.088591
0.08941
0.08019
0.038389
0.03296
0.106201
0.030982
0.050287
0.034175
0.089411
0.040065
0.124123
0.047697
0.071595
0.028919
0.054875
0.077039
0.049261
0.150214
0.050124
0.040694
0.038443
0.036088
0.028089
0.036689
0.082796
0.029656
0.03454
0.039644
0.069791
0.040111
0.060767
0.0501
0.052572
0.077627
0.029821
0.090938
0.107469
0.050931
0.189405
0.047483
0.026241
0.057868
0.03788
0.045661
0.054679
0.042587
0.0893
0.036881
0.033954
0.050347
0.055833
0.054083
0.073994
0.041176
0.031583
0.02564
0.059172
0.038795
0.056152
0.058041
0.042101
0.037713
0.051332
0.07794
0.068797
0.038681
0.107847
0.043584
0.031094
0.050388
0.038167
0.035116
0.108739
0.037676
0.030528
0.041644
0.077305
0.027112
0.032095
0.136453
0.060928
0.054976
0.050191
0.043913
0.034876
0.059905
0.078942
0.042483
0.145019
0.03212
0.048284
0.089558
0.091163
0.067219
0.092181
0.051301
0.042376
0.028156
0.031274
0.081178
0.129415
0.039885
0.153698
0.1356
0.083305
0.064117
0.043047
0.027109
0.043371
0.059916
0.036331
0.056949
0.069175
0.09587
0.046386
0.032681
0.028778
0.036008
0.037126
0.060339
0.074612
0.099882
0.02571
0.048572
0.041661
0.063344
0.037396
0.048593
0.067427
0.047262
0.028979
0.109102
0.027918
0.056644
0.060337
0.030106
0.041754
0.043536
0.032849
0.027907
0.057431
0.026252
0.060691
0.029129
0.071776
0.094154
0.039581
0.102723
0.046838
0.049566
0.043862
0.049616
0.050247
0.032161
0.04312
0.04411
0.034376
0.025896
0.125526
0.03485
0.039505
0.029527
0.029085
0.046598
0.037181
0.041549
0.044747
0.071355
0.058018
0.044423
0.10215
0.023699
0.070603
0.039859
0.090031
0.047458
0.026256
0.045859
0.042818
0.029962
0.04451
0.142404
0.12539
0.074867
0.104007
0.056115
0.070266
0.037691
0.052858
0.022991
0.138476
0.039799
0.119627
0.028345
0.035192
0.028287
0.045545
0.083519
0.084025
0.031678
0.051677
0.045266
0.046336
0.083078
0.029984
0.046532
0.083659
0.068229
0.106593
0.036698
0.027919
0.036953
0.085033
0.034534
0.084971
0.04105
0.056942
0.069457
0.08093
0.077308
0.040307
0.027981
0.063571
0.126902
0.037587
0.037553
0.049841
0.045595
0.110983
0.081022
0.058213
0.060104
0.044802
0.060844
0.063461
0.059013
0.048435
0.060456
0.038894
0.058349
0.071228
0.05959
0.072767
0.045867
0.066197
0.04217
0.061651
0.046015
0.046736
0.035671
0.066449
0.029241
0.055514
0.037106
0.044688
0.023999
0.10419
0.045686
0.031092
0.051419
0.168398
0.050896
0.095523
0.040715
0.046964
0.071135
0.090076
0.06022
0.066497
0.052219
0.04772
0.038454
0.049851
0.065196
0.056636
0.041836
0.074496
0.028443
0.103869
0.035997
0.079414
0.030739
0.112965
0.035102
0.045139
0.058578
0.164024
0.099532
0.036716
0.079097
0.084219
0.03647
0.058642
0.0425
0.071067
0.085128
0.051278
0.127905
0.028911
0.03701
0.040155
0.077394
0.057685
0.0364
0.055534
0.039249
0.050868
0.05085
0.052744
0.05498
0.041507
0.034438
0.037616
0.053559
0.061013
0.04417
0.056935
