3.36458
3.18715
3.06546
3.36252
3.32815
3.30037
3.27486
3.29617
3.12292
3.1152
3.3468
3.26365
3.27874
3.22947
3.39717
3.278
3.05627
3.41214
3.24668
3.35329
3.17589
3.37988
3.12919
3.10872
3.18736
3.45059
3.29307
3.13776
3.2978
3.388
3.15618
3.22337
3.30679
3.22532
3.32686
3.36633
3.07271
3.31274
3.08656
3.21574
3.1064
3.17344
3.21947
3.45548
3.33278
3.09631
3.22986
3.34522
3.16596
3.29807
3.43033
3.34633
3.25743
3.1782
3.3523
3.22717
3.12628
3.11112
3.39973
3.34381
3.3276
3.14305
3.13384
3.22922
3.12754
3.17723
3.13018
3.36343
3.2777
3.20086
3.3698
3.24562
3.13871
3.21488
3.33717
3.27568
3.37522
3.40472
3.2668
3.44068
3.18227
3.11528
3.319
3.25372
3.30554
3.15066
3.40625
3.33649
3.45862
3.20331
3.49733
3.29235
3.14358
3.3984
3.19163
3.21851
3.36761
3.23737
3.18759
3.25232
3.23861
3.43994
3.3154
3.43082
3.19909
3.32719
3.28639
3.2607
3.17489
3.35804
3.26093
3.2745
3.28249
3.18937
3.37816
3.25999
3.15457
3.38157
3.21742
3.2451
3.15383
3.23149
3.35044
3.3672
3.37007
3.32145
3.21711
3.2371
3.37916
3.2701
3.2726
3.35564
3.37299
3.16887
3.32418
3.23078
3.18867
3.2448
3.31691
3.40223
3.16808
3.45231
3.24376
3.30566
3.4404
3.38833
3.23097
3.35098
3.36872
3.24234
3.2152
3.28071
3.40231
3.16787
3.28733
3.30769
3.3558
3.34074
3.34318
3.25183
3.16588
3.32089
3.26401
3.36218
3.24423
3.36925
3.44452
3.24144
3.25098
3.24264
3.31181
3.40159
3.37845
3.21433
3.22439
3.16071
3.31388
3.26849
3.19438
3.46854
3.38778
3.31944
3.33755
3.1276
3.37437
3.32013
3.22277
3.16383
3.39364
3.25579
3.27474
3.17858
3.34118
3.26193
3.2345
3.29638
3.41877
3.38703
3.44771
3.32292
3.23737
3.33218
3.2511
3.33116
3.31032
3.41387
3.4573
3.30467
3.30359
3.30962
3.14508
3.28122
3.10858
3.41011
3.17883
3.12142
3.37925
3.20685
3.4458
3.38673
3.2641
3.19012
3.39832
3.18458
3.32372
3.24296
3.32844
3.27219
3.20084
3.31268
3.25286
3.36311
3.26566
3.27483
3.24422
3.42257
3.32303
3.41263
3.36434
3.17256
3.4131
3.43142
3.1378
3.35347
3.38119
3.24462
3.13329
3.34433
3.22489
3.20769
3.19471
3.29211
3.33269
3.19379
3.1572
3.21073
3.2592
3.2454
3.30777
3.28938
3.27366
3.18974
3.22758
3.33681
3.37712
3.40744
3.30617
3.15124
3.41779
3.33998
3.33916
3.30023
3.40976
3.37396
3.1827
3.23057
3.31053
3.23062
3.37409
3.40969
3.33539
3.43511
3.40648
3.48743
3.15574
3.25428
3.25072
3.35178
3.22553
3.11635
3.12111
3.25407
3.37301
3.30921
3.2431
3.24709
3.30259
3.15236
3.37445
3.37988
3.23737
3.20172
3.30523
3.39051
3.27196
3.29374
3.16193
3.39831
3.15661
3.31016
3.2966
3.34533
3.33253
3.38142
3.11705
3.38268
3.18346
3.1832
3.135
3.17679
3.41207
3.38755
3.20996
3.39662
3.33661
3.26171
3.32577
3.20074
3.2551
3.247
3.23245
3.39619
3.22272
3.44173
3.26512
3.38603
3.19967
3.36079
3.40796
3.22621
3.215
3.18752
3.3384
3.36672
3.20805
3.37072
3.39898
3.39432
3.20436
3.40485
3.1838
3.42399
3.38763
3.24649
3.1362
3.28316
3.33643
3.22603
3.24307
3.33365
3.22692
3.26077
3.39138
3.42379
3.46635
3.26213
3.16382
3.16929
3.41607
3.37752
3.33359
3.13069
3.18458
3.4168
3.34203
3.33601
3.33398
3.35751
3.24541
3.29994
3.20394
3.38042
3.19027
3.45006
3.31245
3.24381
3.3242
3.37466
3.22088
3.2453
3.36733
3.38902
3.27312
3.21124
3.17248
3.3504
3.1746
3.37745
3.19145
3.24045
3.23823
3.26309
3.30521
3.27979
3.2762
3.47406
3.18118
3.2971
3.34328
3.19294
3.34679
3.37899
3.25177
3.39128
3.1414
3.2789
3.35009
3.36303
3.18492
3.27021
3.20943
3.21863
3.23555
3.14936
3.22478
3.29593
3.16579
3.23359
3.22377
3.37954
3.43631
3.4221
3.21
3.20083
3.45442
3.22114
3.11503
3.19261
3.46068
3.26827
3.14531
3.21948
3.30315
3.39245
3.38145
3.29393
3.28497
3.26266
3.25256
3.33779
3.34119
3.22898
3.23397
3.21608
3.21211
3.36209
3.39928
3.27566
3.3494
3.11473
3.23504
3.14619
3.25624
3.23076
3.37707
3.39572
3.19437
3.29302
3.31413
3.38163
3.37607
3.2503
3.29365
3.23838
3.23377
3.33777
3.20533
3.19467
3.1879
3.48624
3.40042
3.21103
3.14198
3.37586
3.3011
3.31452
3.20062
3.38344
3.11908
3.36492
3.24231
3.09616
3.1638
3.23037
3.25003
3.15181
3.36307
3.20636
3.23857
3.33835
3.22922
3.22328
3.2689
3.26412
3.2559
3.19831
3.14914
3.28923
3.18952
3.2239
3.32684
3.26938
3.15705
3.29065
3.11203
3.16814
3.10268
3.30894
3.33743
3.27905
3.20015
3.27019
3.26335
3.36253
3.29343
3.24882
3.17968
3.2984
3.33842
3.2004
3.18741
3.2574
3.15681
3.3766
3.28121
3.22908
3.21324
3.3212
3.23898
3.17694
3.19978
3.31779
3.2851
3.19593
3.16293
3.09678
3.30725
3.3977
3.13067
3.25925
3.33139
3.22935
3.2472
3.38351
3.20092
3.19127
3.11411
3.20155
3.27015
3.06467
3.24405
3.29476
3.32705
3.13619
3.30018
3.22602
3.21038
3.38256
3.27399
3.13959
3.10991
3.05908
3.22705
3.23856
3.14959
3.17008
3.23594
3.14721
3.22734
3.3956
3.1442
3.20438
3.25671
3.16667
3.114
3.19132
3.25244
3.27468
3.22148
3.19849
3.16174
3.32158
3.17503
3.32765
3.07436
3.10188
3.07066
3.30455
3.11386
3.18178
3.29343
3.22399
3.20793
3.10912
3.26847
3.37917
3.24868
3.17799
3.18503
3.17651
3.18597
3.26859
3.10116
3.07162
3.25672
3.18965
3.38231
3.37392
3.27879
3.27625
3.1898
3.22201
3.18813
3.16153
3.42809
3.13866
3.26454
3.3817
3.34
3.38246
3.21249
3.2782
3.08348
3.19319
3.15012
3.18092
3.31844
3.30161
3.24927
3.12184
3.30643
3.34479
3.11088
3.22042
3.36019
3.27538
3.14906
3.14996
3.11025
3.3183
3.14457
3.33455
3.1933
3.31517
3.22728
3.20586
3.20824
3.36336
3.2335
3.1685
3.40504
3.44328
3.33565
3.24976
3.3858
3.29264
3.2866
3.27703
3.32708
3.38758
3.31682
3.37019
3.25543
3.38963
3.28168
3.37187
3.29563
3.4009
3.41065
3.13554
3.06718
3.43447
3.32108
3.16578
3.04992
3.29815
3.30924
3.2129
3.35541
3.18394
3.35147
3.40848
3.17364
3.33057
3.20315
3.22816
3.11078
3.1565
3.18462
3.28518
3.15869
3.2267
3.11097
3.28666
3.10334
3.23966
3.15575
3.26344
3.19828
3.24903
3.29288
3.36092
3.2697
3.25937
3.10249
3.31082
3.25628
3.26032
3.18272
3.3947
3.26363
3.10044
3.25771
3.18997
3.22472
3.38919
3.27133
3.42174
3.35581
3.17564
3.3107
3.1971
3.28063
3.15746
3.20213
3.25852
3.21347
3.16892
3.19828
3.22087
3.18164
3.38265
3.48467
3.2235
3.38702
3.19329
3.32558
3.45518
3.40308
3.31262
3.22978
3.37275
3.33673
3.21625
3.24269
3.23633
3.14147
3.27528
3.14863
3.23625
3.22579
3.31754
3.07091
3.20075
3.26022
3.17758
3.3342
3.35273
3.19289
3.27706
3.30175
3.32613
3.34547
3.34172
3.28746
3.36404
3.1981
3.38202
3.18099
3.22611
3.26579
3.23641
3.20116
3.34942
3.04642
3.20476
3.39696
3.35637
3.14726
3.19586
3.38543
3.24943
3.14216
3.13518
3.26743
3.18559
3.24713
3.41351
3.32169
3.3775
3.1577
3.14681
3.24389
3.20653
3.34502
3.33951
3.24092
3.2694
3.26723
3.18541
3.37761
3.23025
3.37392
3.44849
3.23014
3.4251
3.36093
3.31401
3.38854
3.26928
3.37075
3.29138
3.18978
3.34014
3.37955
3.17766
3.28294
3.29922
3.28743
3.37904
3.22455
3.42836
3.25187
3.30898
3.3721
3.28422
3.19776
3.17671
3.30932
3.20962
3.39795
3.16934
3.25861
3.16131
3.33932
3.24291
3.35079
3.16807
3.3081
3.06277
3.17217
3.26703
3.25203
3.19632
3.37881
3.21795
3.34415
3.06194
3.1466
3.20111
3.42477
3.31852
3.21841
3.31178
3.35572
3.15453
3.1282
3.43588
3.18435
3.27469
3.33765
3.33504
3.05297
3.13112
3.20458
3.41504
3.07279
3.30556
3.28187
3.25835
3.27936
3.29228
3.24237
3.12861
3.41263
3.28574
3.25843
3.27582
3.19728
3.27316
3.22184
3.21881
3.25857
3.30851
3.21183
3.11902
3.34651
3.13394
3.21425
3.26682
3.37426
3.11706
3.1809
3.28773
3.19904
3.32464
3.18797
3.18615
3.31115
3.25635
3.02245
3.32632
3.26163
3.27985
3.19047
3.26093
3.34206
3.27527
3.14008
3.33777
3.28412
3.27872
3.11952
3.14531
3.12675
3.23523
3.1437
3.44284
3.26165
3.2919
3.25257
3.13841
3.19002
3.32648
3.20513
3.27047
3.41766
3.37212
3.26267
3.1844
3.20704
3.31641
3.38525
3.44982
3.20679
3.17417
3.36229
3.46276
3.46551
3.34843
3.3999
3.29298
3.36196
3.36444
3.27947
3.2201
3.35204
3.2501
3.37896
3.39201
3.21245
3.2431
3.36663
3.30944
3.20291
3.1861
3.29256
3.2199
3.30787
3.32271
3.34914
3.31912
3.27564
3.22728
3.30298
3.1873
3.38991
3.41777
3.27264
3.35936
3.31522
3.40969
3.20316
3.1582
3.34019
3.11242
3.20595
3.31882
3.44182
3.30647
3.32845
3.28401
3.24185
3.32365
3.26819
3.18594
3.20016
3.24994
3.37609
3.3291
