3.24281
1.82507
0.80019
2.37355
3.25916
2.42225
3.03695
4.04532
3.34578
2.12526
3.03077
2.3604
2.1989
3.81603
3.58303
2.83263
1.33928
2.58873
1.50643
2.15167
1.46156
2.46991
2.47774
2.10636
2.3703
2.37132
1.76282
1.68307
2.45454
2.60878
2.99708
2.94955
1.99853
3.38476
2.16197
2.83089
2.07696
1.95884
0.878833
2.3633
1.37989
3.49949
2.65041
2.37946
1.95436
1.66075
1.28329
3.33354
1.75032
2.85583
3.07448
3.80721
2.40156
1.48035
1.89808
2.45776
1.93689
2.4316
3.58976
2.78735
3.10979
1.06963
4.01048
1.7748
2.12926
1.98838
2.57876
2.64305
3.39216
2.89199
3.87956
3.08608
3.94444
3.5203
2.50951
2.05846
3.20724
3.67872
1.60334
3.82131
2.59236
2.5667
4.11514
2.19875
2.07871
2.01197
2.80337
3.33457
2.97616
2.59094
3.78735
2.63836
1.40607
3.84117
3.39368
1.56905
2.36878
1.94054
1.32728
2.75988
2.06374
3.56864
0.861764
2.77513
1.89888
2.16686
3.29706
1.59469
1.31403
2.36772
3.19483
2.85077
2.57448
2.89968
1.77396
2.82639
2.83722
3.52493
1.63172
2.87034
2.04963
3.16079
3.51834
1.27422
1.61615
3.02163
0.955057
3.2592
2.65851
3.77151
2.43771
2.77319
3.22526
3.24623
2.62113
2.65843
3.8322
3.68702
2.29315
3.04877
1.66679
1.98047
3.55635
1.98985
3.84089
3.89219
1.43827
2.20102
2.09393
4.35779
3.24862
2.15431
2.94722
2.62742
2.37408
2.36048
2.02897
1.19602
1.34068
3.51963
3.0038
3.0165
2.38939
2.6795
1.71461
1.64481
2.86637
2.66338
1.96365
3.08695
2.5636
2.50078
2.813
1.79599
4.09577
2.22101
1.34844
2.88403
3.20165
1.62803
2.93386
1.80694
1.77441
0.633742
2.28363
2.19669
2.8957
1.49226
1.6656
2.96415
0.790113
2.7943
1.8973
2.23991
2.8972
3.51622
3.05898
2.62645
3.22039
1.4883
3.359
1.2426
2.4508
3.16083
3.41595
3.45904
2.11108
2.94568
2.53151
2.85562
0.931402
2.33118
2.35601
2.88297
2.44525
2.39974
3.33345
0.864361
3.10291
2.46455
2.69235
2.87271
3.01509
1.58897
2.1603
3.41299
2.46765
2.34043
1.86953
2.63943
3.29329
1.07741
2.7318
2.0499
1.81422
2.82115
1.24116
1.72017
2.21047
3.18862
1.39129
2.63441
2.34588
2.4666
2.69232
2.15042
2.32201
1.77712
2.34726
1.76193
3.75613
2.56534
2.82004
1.37552
2.95201
1.23367
2.78779
2.55534
1.93359
1.83518
1.96271
1.91326
2.83137
2.90126
3.50609
3.05266
2.99237
1.58626
3.24677
3.24139
1.85767
2.44282
3.50356
1.68052
2.45656
2.36566
3.47097
1.18309
1.32092
2.29307
2.52144
3.43551
2.90562
3.67382
1.46028
2.14279
2.78994
3.40081
3.57199
1.9606
2.08509
2.71718
2.89456
2.21399
2.67863
1.23187
2.36124
2.52683
2.59594
2.10345
1.76746
3.38091
1.75959
2.23165
1.88232
2.55607
3.71103
3.90762
2.33887
2.12725
2.66407
3.34495
2.17624
3.24546
1.82753
3.35047
3.8157
3.69269
0.887047
1.68707
2.12059
1.39966
2.14799
1.31743
1.82176
3.56419
2.19552
3.15747
2.30455
1.46921
2.33733
1.46636
3.23034
3.49688
2.40859
1.16996
2.22453
1.94632
2.36158
1.64782
4.07554
2.62641
1.50338
3.36707
1.47901
1.34428
2.62811
3.9576
2.75034
2.04658
2.69877
1.94183
3.70687
2.38302
1.73544
2.4627
2.9837
1.40078
2.21423
2.10449
3.91807
2.97474
3.18062
3.26763
3.41868
2.52826
2.54369
3.77112
3.65704
2.14884
2.87417
0.863543
1.78002
2.71547
2.2279
2.68041
4.4411
1.98243
2.91596
2.55034
1.87734
3.1348
1.81438
3.77564
2.78699
2.75541
3.12117
1.86587
3.45243
2.25814
1.77343
2.17766
1.85329
2.12193
2.4545
2.65595
2.11206
2.18312
1.63151
1.25805
3.01133
3.34753
3.20185
3.07148
1.98727
1.98894
3.4877
2.71366
2.441
2.80977
3.39448
1.27878
3.64298
3.42934
4.04711
3.70252
2.48002
1.72222
2.18791
2.16404
2.03642
1.05131
2.5971
1.16368
3.07106
3.63941
3.57537
3.21456
2.73889
2.17108
2.5895
2.99764
3.3102
1.97607
3.45133
2.08298
1.80279
1.58205
3.00815
2.89709
2.06585
3.20941
2.56524
3.24827
2.2955
3.17218
2.32449
2.80317
3.50395
3.26987
2.77419
2.14614
3.19538
1.50497
3.12481
3.86702
1.82867
1.51036
1.35369
1.71466
3.11569
2.9772
2.3565
3.17634
3.6108
3.03698
2.74709
1.45285
2.00938
3.17143
1.75336
2.75809
2.59338
2.56965
3.5512
1.2617
2.74511
2.21004
1.41568
3.35286
4.13242
2.60752
3.00129
3.39633
3.29437
3.12985
1.98106
1.73194
1.46668
1.8212
3.27371
2.67747
2.86144
2.46901
2.74613
2.74611
3.16325
2.62405
3.15443
2.0698
2.95615
2.6452
2.92512
3.24234
1.70032
2.71329
3.72119
2.11782
3.08943
3.33868
3.43849
2.79972
2.78117
1.51028
0.796927
2.03928
2.8
4.1821
2.68474
1.86177
3.90723
1.45663
2.85743
1.38024
2.02757
3.4446
3.15272
2.23271
3.22805
1.58444
2.48752
2.81983
2.45126
1.94082
2.19484
2.50773
1.34988
1.63009
1.37835
2.69712
3.17957
2.66314
3.83218
3.60553
2.30204
1.14112
2.73975
2.75979
1.94869
1.81013
3.71184
1.49544
1.82174
3.49505
2.80425
2.59533
1.20281
1.91036
3.28158
2.03716
2.646
2.81997
3.41334
3.72405
2.34121
2.80576
2.90466
2.87972
1.7115
2.76442
1.41293
3.42102
2.14984
0.728104
4.6254
2.33477
3.659
3.65592
2.2073
3.40757
2.18327
2.25364
1.89192
2.83151
1.44224
2.60303
3.83365
3.58939
2.98576
3.22863
1.98297
0.867114
2.06733
1.09247
2.17581
2.61865
1.12906
2.43891
3.16
3.60192
1.95569
2.08758
2.96616
2.80254
1.24129
2.80739
1.72737
2.08147
3.17459
1.65282
2.96145
3.00204
1.29317
1.10573
1.95842
2.89582
3.46399
3.48512
2.9543
2.47292
2.04222
1.13445
1.67812
2.19385
2.54927
2.83354
1.83203
2.32722
2.35538
1.32481
2.47263
1.91956
1.69486
4.12654
2.03725
1.51249
3.10459
2.19186
3.17709
2.83119
3.77065
3.18524
3.25497
3.37304
3.14204
1.90843
2.67174
1.54971
1.27048
2.57042
2.82937
1.69388
3.28018
4.31533
2.71888
3.53139
2.2857
2.49945
2.49257
1.18859
2.12648
3.61234
3.50653
3.64803
3.09123
3.37546
2.05977
2.50374
3.89
3.39278
2.77713
3.26047
3.40369
2.78869
3.09809
0.847174
1.35285
4.04046
2.41948
1.98442
3.18566
3.01277
2.19509
2.1493
0.766434
1.77553
4.01704
2.08075
2.76591
2.54571
2.87406
3.22596
3.28494
2.99537
3.55488
2.219
3.41738
2.10906
2.44946
2.4846
2.30292
2.62981
3.41182
2.63378
1.63601
1.23383
1.7353
2.73518
2.89639
2.78318
3.01568
2.5244
1.84516
2.67382
2.09976
3.83566
3.2035
2.16017
1.85544
3.03892
2.83491
2.86004
2.72878
3.1844
1.85577
2.79762
2.40027
2.58801
2.14531
3.38853
2.46918
3.20555
3.0682
1.8122
4.18937
3.22923
3.72395
4.39341
1.09411
1.93941
3.62436
2.66056
3.0687
2.5794
1.77248
3.80669
1.79778
3.34499
3.43825
1.9184
2.70308
2.3389
4.41446
2.42662
2.4491
2.79661
2.46017
2.59599
2.47767
3.56641
3.58442
2.76711
2.41396
2.95187
2.5798
1.51755
2.20181
3.09123
2.81822
2.06315
1.36853
2.50037
3.50408
1.67768
3.71385
1.51886
3.09222
3.44451
2.02646
1.86584
3.02354
2.68323
1.64982
3.40205
2.13591
2.00155
3.03807
2.76533
2.9879
1.84144
3.28011
1.41664
1.09395
2.62857
1.64538
1.99265
1.94139
3.20588
3.45975
3.43914
3.35375
3.52763
1.92392
1.7665
3.44555
2.47836
3.94493
2.21258
3.12865
0.901138
2.66958
2.79175
3.3916
3.32729
2.38254
3.17216
1.4612
3.8471
2.56322
1.8819
2.54426
1.49431
1.39247
2.83189
2.78169
1.68272
1.67352
3.68974
3.22027
3.20482
3.6273
3.8078
1.86009
2.76017
2.32455
3.27433
2.73105
3.79678
2.16512
3.95046
1.9458
3.60827
1.65025
2.20344
3.29724
3.53998
3.32592
2.12508
2.3808
1.2437
1.28185
1.32291
3.09532
1.82957
2.57093
3.14392
4.12269
2.40301
1.7316
3.63606
2.31823
2.83951
3.11718
3.1421
2.5742
3.67436
3.3253
3.49873
3.11171
2.5256
2.00538
2.3146
2.22948
2.64565
2.13062
3.68388
2.01835
3.7084
3.15372
2.72211
3.26788
2.02708
1.76472
0.815788
3.3968
2.99548
2.73237
2.57283
0.856591
2.97641
2.49731
2.61033
3.72639
4.0821
3.9806
2.92076
3.05565
1.58588
3.9418
1.69288
1.61592
1.85948
2.71364
3.12126
3.44602
1.01737
2.82159
1.72606
3.27425
2.20091
2.01677
2.80094
1.29733
3.10061
2.11793
2.60022
2.44584
1.814
1.70129
1.906
2.28633
3.65848
2.16555
2.37928
1.91133
1.57802
2.51765
2.29196
2.17097
3.73654
1.31387
1.89458
2.65025
2.15693
2.26925
2.9783
1.87699
1.69406
1.61578
2.99347
3.83176
2.43794
1.44671
3.20572
3.66866
0.724413
3.0432
3.15247
2.04412
3.22054
3.89968
2.34332
3.07656
2.07847
1.74171
2.84385
3.4605
3.31181
2.94147
1.65321
2.69296
1.32712
2.7376
2.02964
4.15399
2.34442
2.89389
0.905296
2.55642
3.45317
1.69358
3.30752
2.24367
2.77692
3.30833
2.31906
2.46094
3.47983
2.37472
0.843409
2.2483
2.93163
3.90192
2.42443
3.27053
1.53197
0.986935
2.71758
3.0587
3.15242
2.73574
3.03035
2.16801
2.78887
3.03128
2.01315
3.3685
2.49687
1.43676
2.87999
