1.03755
1.74632
3.83092
1.41667
1.02117
1.36252
1.07834
0.814812
0.933391
1.4658
1.10428
1.38267
1.49108
0.84629
0.948127
1.15723
2.28202
1.31808
2.15522
1.55846
2.17295
1.36842
1.26292
1.47587
1.34471
1.45514
1.86808
1.86431
1.34355
1.29869
1.05308
1.09284
1.65461
0.952893
1.53881
1.18914
1.47942
1.69117
3.51211
1.3607
2.2512
0.906827
1.21471
1.45222
1.70531
1.86441
2.51685
1.0035
1.80878
1.15485
1.11574
0.878944
1.35638
2.14693
1.76615
1.31305
1.61407
1.27945
0.947064
1.19964
1.07004
2.93844
0.781412
1.81948
1.46884
1.59789
1.21383
1.27256
0.966259
1.1068
0.868605
1.0517
0.79573
0.913239
1.32981
1.59133
1.05238
0.925518
2.0375
0.900394
1.22756
1.21373
0.806532
1.4798
1.59019
1.56596
1.21506
1.00058
1.16211
1.23635
0.923424
1.24788
2.23572
0.884732
0.940462
2.05124
1.42166
1.66828
2.4016
1.17843
1.56929
0.963937
3.84722
1.23627
1.68473
1.53549
0.996764
2.04472
2.41615
1.41826
1.02069
1.14864
1.27501
1.0999
1.9043
1.15341
1.11186
0.959328
1.97179
1.13056
1.53873
1.02237
0.952278
2.64256
2.08524
1.09922
3.3685
0.993218
1.27107
0.867053
1.34249
1.21003
1.04581
0.976172
1.26822
1.21529
0.832075
0.88006
1.44645
1.11593
1.90071
1.74317
0.912104
1.66126
0.895729
0.870544
2.24643
1.52247
1.6088
0.744033
0.989713
1.52286
1.15441
1.2057
1.38467
1.40128
1.65395
2.7932
2.49365
0.923913
1.05396
1.10091
1.36605
1.25478
1.89211
2.04841
1.2017
1.21704
1.65558
1.05043
1.29186
1.36021
1.20101
1.78973
0.787249
1.42309
2.45756
1.13331
0.997728
2.13051
1.15472
1.83705
1.88094
4.93513
1.47763
1.51142
1.11295
2.12016
2.03749
1.09839
4.14464
1.13752
1.76103
1.45628
1.11642
0.937478
1.11762
1.28959
1.07059
2.2327
0.963789
2.68161
1.32655
1.05389
0.969077
0.986942
1.6377
1.12187
1.30499
1.15899
3.37672
1.40754
1.31942
1.18285
1.3
1.30073
1.01374
3.71008
1.11051
1.37418
1.21236
1.11049
1.12711
2.00418
1.53855
0.950182
1.34883
1.39812
1.71211
1.25507
0.987726
3.12146
1.19542
1.59756
1.78822
1.21318
2.67735
1.98389
1.522
0.994961
2.4532
1.30254
1.33758
1.35955
1.25587
1.50883
1.34939
1.88188
1.3739
1.82055
0.850532
1.2833
1.18179
2.32188
1.06951
2.60258
1.1691
1.27005
1.71069
1.7924
1.66793
1.66718
1.13993
1.15012
0.963216
1.11622
1.10487
1.98659
1.05267
1.03041
1.7975
1.35099
0.973226
2.00768
1.29559
1.36561
0.953775
2.73066
2.55436
1.48695
1.32281
0.999884
1.17238
0.949266
2.16104
1.51871
1.16516
0.985583
0.903007
1.58949
1.49687
1.19759
1.16529
1.49468
1.21073
2.63591
1.39867
1.24755
1.2999
1.60683
1.83165
0.947
1.87841
1.51929
1.73826
1.2886
0.852036
0.869662
1.34963
1.55607
1.23743
1.00012
1.53132
1.04189
1.70561
1.00961
0.834307
0.862027
3.5342
1.88302
1.60902
2.42027
1.4944
2.57822
1.83153
0.915133
1.5148
1.01371
1.41247
2.21003
1.38297
2.31607
0.997642
0.984228
1.35562
2.89415
1.43836
1.72674
1.44309
1.95787
0.788851
1.21364
2.2206
0.999894
2.16905
2.50745
1.29332
0.857672
1.16508
1.66368
1.17972
1.76328
0.91388
1.36234
1.80715
1.33316
1.11822
2.30302
1.46465
1.58407
0.823601
1.09615
1.06626
1.04779
1.01394
1.29027
1.24379
0.840411
0.934107
1.57179
1.15984
3.62541
1.78907
1.25827
1.50008
1.24459
0.75071
1.69364
1.11298
1.29392
1.70664
1.07835
1.75833
0.913768
1.18854
1.17725
1.06505
1.80863
0.932933
1.43716
1.89877
1.55627
1.76611
1.51336
1.29252
1.26147
1.50308
1.54708
1.95614
2.57577
1.07535
0.974778
1.03228
1.06782
1.64859
1.74669
0.912114
1.215
1.36964
1.13637
0.985952
2.64235
0.892615
0.988902
0.776208
0.885587
1.35083
1.95273
1.45569
1.51116
1.57601
3.06154
1.24583
2.70639
1.05005
0.905622
0.885443
1.00592
1.17704
1.55662
1.32702
1.1416
0.969731
1.61979
1.0009
1.54641
1.72789
2.01803
1.15043
1.12812
1.52253
1.00314
1.28766
1.04438
1.47307
1.03838
1.4132
1.16392
0.928256
1.02077
1.20438
1.50455
1.01208
2.13698
1.02794
0.869426
1.85888
2.16879
2.47427
1.81652
1.03831
1.05676
1.38181
1.01713
0.935268
1.11812
1.16282
2.26659
1.64933
1.06628
1.92548
1.17846
1.27002
1.26024
0.910613
2.64545
1.16765
1.44552
2.25186
1.03978
0.822863
1.23145
1.04687
0.993972
1.00204
1.059
1.61561
1.95356
2.12662
1.84764
0.990409
1.15638
1.10567
1.30837
1.18349
1.14774
1.06317
1.22192
1.02667
1.61289
1.09237
1.21854
1.11753
1.00672
1.91487
1.17876
0.846273
1.55312
1.0324
0.96562
0.967529
1.16776
1.13515
2.17883
3.90503
1.55356
1.1081
0.791215
1.24311
1.76125
0.819033
2.24503
1.14206
2.43619
1.62433
0.943163
1.00855
1.47731
1.03419
2.0199
1.28136
1.15518
1.28783
1.73978
1.49496
1.28765
2.38039
2.03743
2.34989
1.1779
1.00636
1.24582
0.857241
0.886396
1.37397
2.7138
1.20714
1.23114
1.60655
1.80056
0.897502
2.15946
1.78247
0.968085
1.14145
1.22962
2.58904
1.67588
0.996518
1.50438
1.22602
1.16837
0.974719
0.842146
1.4096
1.14979
1.10525
1.17461
1.91294
1.13571
2.20104
0.894202
1.50106
4.44794
0.680934
1.35777
0.88438
0.860852
1.46212
0.996487
1.44013
1.42187
1.72138
1.11837
2.15915
1.226
0.848393
0.912321
1.07895
0.990664
1.59444
3.83061
1.53581
3.04598
1.41297
1.18453
2.71966
1.35493
0.985397
0.883357
1.68402
1.54437
1.08151
1.10939
2.63312
1.20367
1.88071
1.5268
1.00329
1.92187
1.07581
1.08879
2.3981
2.77791
1.66293
1.10147
0.97642
0.968094
1.10984
1.32485
1.56193
2.84016
1.89982
1.44109
1.34474
1.10768
1.78193
1.45311
1.41803
2.55317
1.29922
1.70778
1.81932
0.773818
1.54626
2.1031
1.06888
1.50631
1.02272
1.10266
0.876885
1.05009
0.955731
0.954752
1.06943
1.71627
1.17866
2.03261
2.44808
1.29096
1.1114
1.96859
0.973513
0.768231
1.18699
0.907817
1.40361
1.34564
1.29726
2.66576
1.60125
0.9532
0.951267
0.890826
1.09529
0.975466
1.59562
1.30885
0.85529
0.998468
1.19433
1.03365
0.95644
1.21549
1.05926
3.98014
2.43607
0.84171
1.40966
1.58008
0.96281
1.13997
1.51296
1.47294
3.97936
1.85755
0.823802
1.54411
1.21313
1.25071
1.16611
1.05658
0.966116
1.1119
0.901056
1.45478
0.910282
1.49663
1.30013
1.32222
1.3716
1.22697
0.91182
1.24789
1.8969
2.62569
1.81857
1.19314
1.10423
1.16738
1.09192
1.33137
1.77204
1.21899
1.47755
0.863167
1.01648
1.50928
1.71534
1.11708
1.15123
1.08405
1.19383
1.00175
1.73767
1.21145
1.3629
1.32215
1.56425
0.937173
1.34081
0.997365
1.06923
1.74233
0.764346
1.00907
0.86292
0.721288
2.92317
1.66075
0.87785
1.2714
1.13555
1.24971
1.91089
0.838864
1.84982
1.03294
0.989773
1.72677
1.19485
1.44202
0.755862
1.3254
1.32403
1.15723
1.27693
1.26167
1.2708
0.907425
0.899947
1.19892
1.27215
1.08431
1.26375
2.09389
1.51431
1.08459
1.13295
1.58838
2.41263
1.33025
0.954734
1.99187
0.88519
2.21484
1.03424
0.981857
1.56973
1.72904
1.08012
1.20616
1.94031
0.98453
1.42629
1.60114
1.11813
1.21373
1.05334
1.73553
1.03211
2.29376
2.87232
1.19274
1.98582
1.59867
1.67258
1.06477
0.960096
0.982075
0.941543
0.892045
1.68608
1.81519
0.970821
1.34746
0.82154
1.47764
1.04429
3.53487
1.26522
1.15707
0.994787
1.03643
1.35575
1.07974
2.30012
0.861432
1.32198
1.73723
1.32485
2.20261
2.29073
1.17947
1.21493
1.8884
1.9617
0.894161
1.02086
1.05436
0.888967
0.900353
1.74823
1.19883
1.45065
1.00302
1.17089
0.836686
1.52847
0.812468
1.7463
0.878357
1.97461
1.43472
1.01276
0.916082
1.00748
1.4908
1.38949
2.46263
2.47468
2.46959
1.05063
1.74703
1.31424
1.02355
0.811159
1.27421
1.81716
0.88038
1.47732
1.1687
1.03247
1.054
1.3036
0.858524
0.940727
0.982038
1.02334
1.2966
1.66435
1.44087
1.36936
1.1835
1.50406
0.927023
1.52243
0.891371
1.04064
1.19699
1.00351
1.62415
1.83732
3.83508
1.00466
1.0969
1.19253
1.27323
3.73256
1.0997
1.29013
1.2331
0.874457
0.810493
0.806871
1.06788
1.09519
1.97615
0.815425
1.92974
2.08814
1.67631
1.17219
1.05333
0.928329
3.26788
1.12985
1.84591
1.01127
1.47955
1.49866
1.18757
2.5141
1.05781
1.50641
1.2541
1.36643
1.80556
1.84571
1.75119
1.43641
0.896196
1.44053
1.32196
1.6359
2.05018
1.24866
1.50213
1.50239
0.881002
2.47557
1.65652
1.20367
1.54223
1.41242
1.0981
1.82082
1.99056
2.01926
1.06378
0.836963
1.36033
2.33997
1.07614
0.874103
4.38172
1.10485
1.09843
1.69536
1.03971
0.871841
1.40526
1.09277
1.61871
1.8829
1.1323
0.968658
0.981365
1.14873
2.05177
1.19291
2.44371
1.22978
1.63055
0.771045
1.35902
1.13776
3.55674
1.29395
0.962219
1.97755
1.00351
1.45995
1.16218
0.998383
1.37439
1.37749
0.982167
1.37811
3.98307
1.47454
1.16307
0.820918
1.30266
1.0213
2.03164
3.24839
1.22124
1.12525
1.04887
1.21665
1.08371
1.49531
1.19176
1.07815
1.58256
0.950025
1.30161
2.34979
1.15594
