15.2257
15.4491
13.4282
13.5466
15.6862
15.3642
13.138
15.4289
15.0316
16.4809
15.4077
13.1177
15.5955
15.388
12.3924
16.1799
16.6255
16.176
15.1478
16.4689
13.6109
14.8448
15.0216
16.3105
13.9848
15.2603
16.0113
15.3918
13.7525
15.284
15.5191
15.5078
15.4863
15.1449
15.9569
15.92
16.1586
16.0883
15.3429
16.0734
16.0962
16.1169
16.1925
16.02
15.9429
12.1327
16.3509
15.5372
15.676
15.3886
13.448
15.4643
13.9254
16.234
16.4108
15.9927
16.4651
16.086
15.5681
15.2891
16.3577
15.7545
15.7104
15.5425
16.6352
14.4844
14.7565
15.1513
16.6396
14.3623
14.652
16.3476
14.3603
15.6539
16.485
16.0414
16.3503
12.909
15.9158
13.945
16.3475
15.8743
13.8149
14.2769
16.6709
15.3651
14.9355
15.747
15.7365
15.2191
14.375
16.5314
15.8455
16.0977
13.6914
16.5303
14.5771
16.4262
14.7944
15.0118
16.1923
15.6878
15.358
15.895
14.7869
14.2147
15.9632
16.1675
12.6228
14.8256
15.6594
15.3634
14.8251
13.8313
14.565
14.9793
16.1877
15.1356
16.1123
15.0262
15.0203
15.2802
16.253
16.6385
13.2643
12.321
13.4233
15.5809
16.4675
13.8198
16.2313
16.2891
15.7617
15.6529
15.4814
16.4643
15.2179
16.1074
15.8087
15.6785
15.7663
16.3508
14.8466
15.5986
16.3996
16.2556
14.2446
16.2849
14.1197
15.2352
15.5618
16.5155
15.9535
14.7996
15.3176
15.1122
15.9886
16.5492
14.0798
14.9745
15.2374
13.4369
14.7456
15.1839
16.4361
16.2256
14.8571
14.0847
16.3068
15.7678
16.1424
15.9804
16.7808
14.6938
13.3271
14.7281
15.7694
16.6377
15.8112
16.0904
16.051
14.7213
15.3386
12.3958
12.7156
15.5254
16.5114
16.8527
14.7837
16.0401
14.7923
15.7065
14.611
16.3141
15.307
14.1738
16.1714
15.4812
16.2903
16.6766
16.2988
16.0105
16.1518
15.5697
14.5446
14.2204
12.4443
15.8352
15.6208
16.5886
15.2609
16.5967
15.254
16.1447
15.8058
16.1001
14.0834
16.5051
12.0614
16.4412
16.539
15.503
16.3087
14.7778
16.2247
15.3203
15.2691
14.7012
15.2916
16.3904
14.2719
16.4203
16.2463
15.9174
16.0584
13.337
15.0425
16.2014
15.6585
15.2642
16.2811
16.1593
15.7512
16.7315
15.9055
16.5261
15.8656
13.7174
15.2461
16.7425
15.378
16.5981
14.7532
15.859
15.061
15.5093
16.1958
16.488
15.6411
15.0527
14.9858
16.1257
15.7637
15.0316
14.3244
16.7242
13.9449
15.3439
11.9865
16.4121
15.6227
15.9047
16.0582
15.311
14.3035
16.134
15.0835
14.6047
16.2995
13.1488
15.6521
15.8042
15.3066
14.0392
13.9201
13.4209
16.4839
15.2409
15.6595
16.6449
16.0777
15.5505
13.4815
16.472
16.0613
14.7362
13.7689
15.1303
13.8997
15.3364
16.3381
15.3683
16.4477
14.8057
13.9112
15.5025
16.6894
14.8775
16.6988
15.5743
15.6863
15.1304
14.9964
13.3666
15.017
15.2833
15.914
15.452
15.3837
15.4695
14.9121
15.5565
16.6539
15.4765
13.7508
15.4221
13.8583
15.8511
14.3083
15.7419
15.1847
14.5167
15.051
13.3494
15.1479
16.0312
16.431
12.4366
16.5315
15.2989
15.5192
16.4074
16.8382
15.2308
16.267
15.7842
15.164
15.4927
15.7672
14.8558
15.3585
15.1997
16.1144
15.9768
15.2437
16.5899
16.0344
15.4269
15.6098
13.658
15.8599
16.335
15.7082
14.9761
15.6517
15.4811
15.4158
12.8222
16.2718
15.9518
14.9359
15.4914
16.576
13.1478
13.8367
14.6184
12.2876
16.5291
15.321
16.0885
15.5246
14.3003
13.385
14.5989
13.639
14.8133
14.0381
13.5746
16.0319
15.9118
13.0236
16.3155
13.7159
13.4991
16.5086
14.8746
15.1397
13.4311
15.2775
12.7914
15.9238
13.9294
15.8201
14.2074
15.522
16.5253
14.1509
14.5907
16.7009
13.7417
15.1569
14.8888
15.6552
14.4415
16.0787
14.4509
16.1295
16.3294
15.6401
16.6633
15.3966
15.7421
16.3552
15.0889
15.5365
15.5579
16.6456
16.4489
16.4089
16.5991
16.2939
12.9901
15.2244
14.9596
16.6478
14.5643
13.7292
15.097
16.2769
15.4637
15.498
16.2209
16.2745
15.459
15.8247
16.4911
15.3561
15.7001
14.3947
14.184
16.6865
13.4785
16.2999
16.8395
16.2946
14.9523
16.2719
15.0009
16.3758
16.6149
15.7387
16.4536
16.2763
16.0769
14.1663
15.9954
16.3572
13.315
13.7637
14.5806
16.4065
14.2506
14.7641
16.4223
15.7465
14.4108
16.4305
15.452
15.7662
15.6221
15.5534
15.3143
13.4464
15.8951
15.5773
16.5977
14.2033
15.3186
15.8378
15.7475
16.3183
14.6193
16.4984
16.4888
16.8077
15.7345
15.6947
15.6566
15.3013
16.1113
14.8096
14.5116
14.9172
16.2678
12.2094
15.3927
15.3149
15.6216
13.8409
15.8479
15.3578
14.0435
15.3058
15.5971
16.1548
16.4211
15.544
14.7341
15.6444
15.412
14.6591
15.1506
15.0231
16.3032
15.6379
12.7369
16.5035
15.8035
14.5376
14.6728
15.2334
16.625
15.1054
15.9694
16.3005
14.3892
16.3519
12.1466
14.9368
16.3054
14.6847
15.7179
14.5077
16.424
13.8841
14.3644
15.7717
14.9073
15.1817
14.5082
15.9741
14.1449
15.7949
16.2089
15.981
15.202
14.6581
15.1101
16.0688
15.6696
14.0417
16.0953
15.1849
16.2572
16.0012
15.5978
16.3207
16.4155
14.1062
15.4694
15.4759
14.73
16.5541
16.1999
15.687
15.1302
15.6835
14.7182
15.0735
14.4222
14.6503
16.3549
15.6035
15.8745
13.5598
13.2892
16.0901
14.8553
16.1622
15.5478
16.0615
16.2101
16.1046
14.8276
14.9546
14.9236
15.9594
15.5322
15.2913
15.8667
15.1361
16.3345
14.6503
15.8928
16.3024
16.1951
15.1542
16.1158
15.9281
16.0014
15.4934
16.7198
15.5145
13.1008
13.577
15.2322
15.8206
15.9358
15.4444
15.035
15.0097
16.1887
16.2615
16.017
14.4364
15.1587
12.8056
15.5499
13.073
16.1243
15.5815
15.5275
16.0944
15.8349
15.2833
13.8357
15.7644
16.5292
14.9691
15.6189
15.5309
15.0282
15.8969
14.5502
15.2516
14.3391
13.2784
15.1211
14.4899
16.0999
15.8571
16.4267
15.6973
16.0442
15.3311
16.176
16.0528
13.9757
14.8077
15.6545
15.1107
12.7933
16.2025
15.5679
15.5748
15.7238
16.2704
15.611
15.0056
15.7053
14.1072
14.8049
16.3773
16.2788
15.4737
15.4436
14.607
15.1418
16.0475
16.3603
16.5983
16.2054
13.5258
16.5843
16.3839
15.5931
16.1455
16.0639
15.4639
15.1548
16.2887
15.4758
15.0945
16.2121
15.1793
14.5567
15.7371
15.5855
16.1389
15.9882
14.7162
14.8624
15.208
15.831
15.8364
13.7154
16.5901
14.1781
16.3546
13.838
15.6171
16.0892
14.8306
16.1299
15.0734
16.2219
16.0554
15.1279
16.3971
13.3928
15.468
14.394
14.0368
15.5006
16.2039
16.2508
15.9248
14.3714
15.1345
14.8212
14.8064
16.5326
16.0705
16.128
14.5029
15.5
16.3757
14.8941
16.1171
15.7528
15.6809
15.4139
14.9608
15.474
13.9437
15.9659
16.1348
15.3117
16.0127
15.0441
16.0706
15.2344
15.6011
12.5372
13.823
13.9207
14.9746
13.8806
14.9096
15.9128
15.7442
16.1846
14.2584
14.6701
16.3967
13.3627
14.2835
15.4706
16.4802
16.0587
16.0079
14.6282
14.6132
15.1507
15.5529
16.2582
16.1077
16.1016
15.9911
16.147
15.466
15.2721
16.2116
16.0047
15.3794
16.4413
12.3414
16.092
15.5982
14.9417
15.1789
14.8679
15.7148
15.6427
15.1857
15.4232
15.0513
16.3387
12.9642
16.012
14.2763
14.9062
14.7722
15.0916
16.1018
16.4709
15.0559
14.6646
14.2309
14.9559
16.2041
14.467
16.3074
16.0876
14.5817
15.8701
15.6714
16.1346
15.4411
15.867
15.8756
15.3389
15.1687
15.4283
16.2801
13.3175
14.6802
15.4481
13.3701
15.3181
14.6312
17.188
16.2284
15.082
15.8614
15.6722
15.6611
15.1524
15.1448
14.092
16.1621
14.97
16.3286
15.3841
14.6685
14.8961
15.1458
14.8565
15.0303
15.8758
15.408
15.8595
16.0122
16.2784
16.062
15.3929
15.0461
16.2788
14.7082
13.9195
15.1418
14.529
15.2851
15.3894
16.0785
16.148
15.9822
15.8863
13.5265
16.0776
15.6782
15.5925
16.0432
15.1221
12.6182
13.2548
14.4001
15.7416
16.324
15.7357
16.0055
15.7939
15.6459
15.0331
15.5175
15.5131
15.3697
14.9334
15.6043
12.1934
13.979
14.7273
14.6918
15.4389
14.9333
15.3907
15.4184
14.8109
15.7468
15.2847
14.4061
15.0051
14.1049
14.726
15.823
15.3505
14.399
15.0116
15.2673
15.317
15.8077
15.6212
12.2096
14.5936
15.0354
15.2636
15.7812
15.9352
15.241
15.6677
15.7348
15.7808
12.438
15.2731
15.1479
12.5209
16.2784
15.4813
16.3346
16.0781
13.4618
15.4879
14.6316
13.8752
14.9258
15.8366
15.0865
16.0657
13.2492
14.8276
16.025
16.4591
15.8237
16.4205
15.7134
15.283
16.3325
14.7458
15.8244
15.0064
15.7276
15.4403
14.8576
15.5288
12.9128
15.9436
14.721
14.2697
14.8854
14.749
14.5405
14.7129
14.8801
15.596
15.522
15.6343
15.6022
15.2684
15.491
15.3101
15.3588
14.1952
14.8128
15.4496
15.9104
16.2748
15.5123
14.0311
13.7615
15.4848
14.6127
14.1599
13.793
15.8301
15.8159
14.4284
15.557
15.4572
16.1841
13.7849
15.7769
14.6718
14.3475
16.1715
13.1688
13.9022
16.1425
14.8732
15.5252
16.0748
