1.4208
2.41102
0.282544
0.943129
1.38666
2.30457
1.6022
1.9753
0.749436
2.39408
1.85911
0.69766
2.67737
1.69382
1.38522
0.542346
2.36495
2.06317
2.38745
2.48554
0.973319
2.98796
2.4779
2.39566
1.5895
1.5699
2.11303
0.768569
1.16848
2.37764
1.35472
1.52862
2.57457
1.21194
2.28535
2.50839
1.64153
2.18558
2.36451
2.29243
1.15165
1.98992
1.91613
2.75499
2.69482
1.1331
2.48073
1.9785
2.0681
1.51336
1.2251
1.39168
1.14046
2.8599
2.00622
2.72033
1.46401
1.86411
1.47969
1.89424
2.4809
0.842719
1.55661
2.6471
2.0816
2.51185
1.45874
1.4308
2.3362
1.32803
0.727469
1.92294
0.762228
2.62727
2.14744
2.69603
1.76482
0.498772
2.24184
1.11885
1.64143
2.28615
1.75144
1.43897
3.03124
1.86054
1.40936
1.98775
2.17626
2.86351
1.14998
2.26253
2.28811
1.6174
1.45899
1.99437
1.85805
1.82298
2.08145
0.940414
1.56858
2.57826
2.24138
1.42392
1.5097
1.66069
1.34015
1.29285
1.97907
2.39074
2.67556
2.90725
2.98813
1.80852
1.02032
1.47351
2.46953
1.08408
1.52452
2.53754
2.14859
1.23576
1.6649
2.45017
1.17956
1.07642
1.62205
2.11685
2.01414
2.14247
2.20279
2.0789
2.4327
1.96585
1.98738
2.46784
1.48977
1.87159
1.32234
1.98941
2.27933
2.41053
1.84756
1.63436
1.59367
2.03834
0.897017
1.89696
1.60729
2.28196
1.33923
1.94013
2.14627
0.773675
1.5113
1.33026
1.93653
1.55019
2.08198
2.87767
2.82275
1.31515
0.852518
2.64912
2.57515
2.13109
0.992093
1.40319
1.64019
1.89388
2.03306
1.86728
2.70398
0.862932
1.17433
2.25983
2.57112
2.61947
2.49977
1.2075
2.20759
1.75513
1.30004
1.25462
1.21454
1.36915
1.24238
2.55378
1.4425
0.787461
1.78282
1.05357
0.625923
1.78801
2.0176
1.81253
2.5335
1.28767
1.68922
2.10116
1.97087
2.54797
1.28121
2.69003
1.4971
1.01028
0.947797
0.983628
1.68394
1.52333
0.964237
1.8851
1.08926
1.72889
1.50024
2.03658
2.0661
1.68998
1.20162
1.47775
1.98402
0.831078
1.32563
2.42752
2.12388
2.6635
1.17046
2.071
2.15592
2.41694
1.57758
1.64629
2.68592
1.18174
2.5824
1.29794
1.58035
2.26893
1.41491
1.92818
1.49598
2.06726
1.38927
3.01358
1.28259
1.60184
1.56369
1.07053
2.41713
2.41649
1.55837
2.32631
1.2918
1.70574
1.63854
1.69547
2.27484
2.40063
2.1176
1.98906
2.22586
1.8007
1.48941
2.24134
0.63833
2.43494
1.44366
1.12228
1.11172
1.79923
2.61782
2.36726
1.3696
1.02579
1.81175
2.76652
1.28091
1.23071
1.68802
0.900119
1.6121
2.08059
1.78967
1.57102
1.37983
1.22123
2.47876
1.7954
1.64907
2.76945
0.933057
2.59967
0.786205
2.34145
2.26294
2.21849
1.68221
2.07937
2.0463
2.78291
2.12951
1.06863
1.83338
1.30054
1.00398
1.93474
1.71925
1.58455
2.56028
2.30302
1.91867
1.40054
1.21833
1.69523
1.80438
1.45071
2.26668
2.19729
1.51674
2.35034
1.22373
2.44485
2.69297
1.34208
0.900876
2.73861
1.034
3.03654
0.782539
2.25913
1.50277
1.54699
1.93998
1.05462
1.06667
1.87192
2.14321
0.79477
2.12853
1.33826
1.86751
0.994459
1.48462
1.28471
1.91459
1.64626
1.15484
1.25355
2.19082
1.42834
1.61711
2.16611
1.83448
2.43351
0.828848
1.8779
1.89032
2.28606
1.85152
1.25625
1.71377
1.37534
0.813588
2.24643
1.87442
1.57797
1.70069
1.47292
1.90649
1.98383
0.366063
0.870351
2.40148
1.22061
1.55027
1.28042
1.0009
2.31451
1.27333
1.43587
1.75433
1.34267
0.769927
2.98802
1.15043
2.31935
1.11932
1.24333
2.18668
2.71222
1.36764
2.17027
2.48355
1.11983
1.13122
1.52503
1.50823
1.76131
0.902363
1.58705
2.79704
1.20114
1.37709
0.82675
1.94371
2.48719
1.27353
2.68109
2.32266
1.08213
1.56506
1.0004
2.23361
0.708285
1.33801
2.06516
2.42252
2.36556
1.86729
1.9842
0.934854
2.58083
2.36359
1.72918
1.81166
1.00701
1.6472
2.38455
2.06018
1.90834
1.91917
1.41255
2.63274
1.34013
0.835267
2.34356
0.815822
1.14254
2.15485
1.11278
2.23508
2.77336
2.23663
1.08651
0.605356
3.05579
2.02705
1.82031
1.19666
0.912604
1.4304
1.89811
2.62032
2.12221
1.3767
2.49475
1.4208
0.961063
1.01422
2.34964
1.48219
1.21647
1.5755
2.31936
1.87525
2.18802
1.93303
1.15067
0.890735
0.769256
1.18268
0.887698
1.80735
1.87614
2.07594
0.962464
1.78558
1.69412
1.84628
1.98406
2.13411
1.72678
1.01157
2.33822
0.651076
2.03762
1.03916
1.85141
1.67196
1.83316
2.26697
1.48631
1.44811
2.2672
2.14626
1.30312
1.08658
1.77919
2.06613
2.27478
1.33728
1.86183
1.38063
2.6531
1.09709
2.19576
2.9829
1.81595
1.1169
2.71458
1.65543
1.211
1.74706
2.11422
1.6232
2.17944
2.27295
3.05161
2.25567
3.33566
1.51474
2.83893
2.76081
1.74215
1.50641
0.515905
1.95296
1.70924
1.28213
1.51325
1.36187
1.68039
1.38372
2.00167
1.8977
0.893314
1.09039
1.44267
1.45766
1.20355
0.808952
2.05403
2.39579
1.18776
1.12592
1.04672
2.02928
1.54196
0.592153
1.21934
2.65811
2.6151
2.63004
3.0537
1.94568
1.51493
0.942343
0.942233
2.32655
2.0769
1.08238
2.11199
1.62226
2.03338
2.25112
1.21552
2.01313
2.16968
1.54385
1.46312
1.45007
2.97023
1.67685
2.46847
2.55633
2.95591
1.59402
0.922283
1.68563
1.21037
1.15219
2.25764
2.28961
2.82476
2.32176
1.46446
2.21682
2.42346
2.21841
1.25471
2.72859
1.82381
1.85513
1.71241
1.57321
2.45506
1.47872
1.88494
2.30076
0.853887
0.97732
1.35768
0.670802
1.01002
1.62182
2.09483
0.969987
2.41656
1.31383
0.940631
1.15286
1.79831
1.23284
1.40075
1.06784
1.6897
1.92672
1.37847
2.50881
1.65828
1.39301
1.90603
2.01326
1.78261
0.714519
1.37996
1.28667
1.44532
1.35599
1.11519
1.79841
2.75169
1.59617
2.41736
2.39033
2.77083
2.20893
1.99698
1.22865
2.01494
2.31588
2.69589
1.87369
1.4885
2.17406
1.11524
1.42318
0.448941
3.20183
1.53941
1.42077
0.992137
1.31034
2.36658
1.12551
2.55574
1.67742
0.976223
2.48836
1.68927
2.06026
1.09134
2.59075
1.15592
2.28454
1.79855
2.06302
1.19603
2.22087
1.63761
1.45549
2.79223
2.29177
1.12943
2.05044
1.27206
1.50004
1.87243
1.3421
0.747018
2.53864
2.68991
1.00559
2.32242
1.98831
0.644348
1.45048
2.73818
2.66687
2.44185
1.41074
1.76482
1.96006
1.35286
1.93636
0.984843
1.74849
0.754084
1.98703
2.50022
0.878993
2.02891
2.31103
1.94764
2.54284
0.867551
1.78279
1.41804
2.42116
1.8164
1.3829
1.78387
2.63627
1.77225
2.04565
1.65663
2.59117
0.590874
1.99488
2.48772
1.81346
2.37333
1.7918
2.47452
1.94346
1.14269
2.26392
2.7528
1.44706
2.28446
1.02806
1.50198
1.42943
2.60044
1.14525
1.94068
1.7727
1.21962
2.10947
1.53123
1.8703
1.16588
1.72999
2.54755
1.17382
1.76126
2.89812
2.49502
1.755
0.918497
1.77807
1.3384
0.926432
0.67988
1.41656
1.17041
1.14168
2.03698
2.99687
1.9735
2.05567
2.09017
2.05617
2.66581
3.06373
1.05536
1.0772
0.787301
2.02578
1.83426
1.45116
2.44585
1.4663
1.95194
1.89375
1.48652
1.34411
2.0428
1.53463
1.50608
1.73876
1.93004
0.73237
1.80858
1.4801
2.03068
1.40736
1.42855
1.74374
1.02346
2.51442
2.41873
2.14509
1.09946
1.58036
1.75918
1.21916
2.44132
1.48114
1.27835
1.33354
2.34772
1.70759
2.91098
1.7747
1.84487
1.38701
1.31357
2.01268
1.60233
2.63705
2.84597
2.61598
1.34911
1.33492
1.77034
2.03253
2.96727
1.9895
0.75026
2.52
1.46134
1.81187
1.69966
2.72193
0.717633
0.834601
2.37393
1.31446
1.76231
0.956367
1.77815
2.52022
2.54183
0.830238
2.2647
1.47375
2.28046
1.7633
1.29951
2.6335
2.23068
2.04443
2.05233
1.51513
2.30922
0.699071
1.21638
0.892809
1.98133
2.4827
1.6194
2.55787
2.40817
1.29763
1.82578
1.67911
1.3333
1.30732
1.80242
1.66027
1.46693
1.5411
1.71281
2.20337
2.48824
1.13668
2.77706
1.22784
1.46088
1.36266
2.46843
1.48229
1.40872
1.06619
1.45775
0.784287
1.21128
2.70497
1.25354
2.08731
1.08432
2.24031
1.23878
1.37601
2.15039
1.05243
0.933304
2.10027
0.982955
2.22167
1.01084
2.20113
1.59965
1.93479
2.36305
2.20071
1.67791
1.11106
2.29519
2.50283
1.42584
2.41285
1.1098
1.28757
2.41016
2.11127
1.92998
1.76387
1.47189
0.850594
1.34189
1.92867
2.26002
2.37129
1.64928
1.12444
3.05548
2.04148
0.901619
1.7007
0.582896
1.30512
1.3477
2.32652
1.76459
2.0595
1.49402
1.49079
2.61144
0.649058
2.78163
1.56279
1.54176
0.826557
2.44024
2.57207
1.7243
1.2878
2.80872
1.83822
2.10958
1.84134
2.64739
1.85803
1.78251
2.29769
1.87109
1.21969
0.904537
1.82919
2.30508
2.80031
1.74183
1.38006
1.70657
1.53372
1.08307
1.35167
1.04848
1.59255
1.157
1.8939
2.5101
2.19046
1.7581
2.15748
1.94152
1.02694
1.38252
2.22919
1.7609
2.75529
1.11157
1.63708
2.41508
1.61638
2.63895
1.43499
1.72968
0.982793
1.65689
2.15581
2.4805
1.70571
2.48238
1.14864
1.13079
1.80867
0.492773
2.20215
1.63886
1.33368
1.64658
0.642452
1.41136
2.02315
1.47634
1.15957
1.43743
