10.7163
6.4077
47.526
14.3635
11.3122
6.66682
8.19996
7.81092
20.0572
6.88401
8.2877
18.8024
5.82493
9.0848
8.94612
29.8332
7.02995
7.84037
6.34473
6.62587
13.984
4.9682
6.06223
6.80835
8.79824
9.72057
7.5774
20.0266
11.7696
6.42824
11.4555
10.1449
6.01508
12.4965
6.98225
6.34668
9.84362
7.36114
6.48884
7.01152
13.9767
8.09927
8.45064
5.81491
5.91612
10.7075
6.59118
7.85301
7.57987
10.1685
10.977
11.112
12.2103
5.67642
8.17996
5.87898
11.2465
8.62932
10.5212
8.07136
6.59347
18.6948
10.0927
5.87153
7.99152
5.76642
10.116
10.5894
7.12249
10.8148
20.1411
8.50136
18.8399
5.95823
7.67658
5.94999
9.26455
25.8816
7.09943
12.4637
9.95932
6.94369
7.88778
9.92161
5.49968
8.25841
10.5974
7.92206
7.23099
5.31486
12.5002
7.30661
6.92515
9.95284
9.38417
8.2885
7.84535
9.01064
7.10775
15.9629
10.323
6.08464
6.85202
11.1629
9.79459
8.55951
11.9115
12.5053
6.37812
6.20125
5.85276
5.28451
4.96131
7.64786
14.2749
10.1658
6.55498
13.9617
10.5688
5.92156
6.99076
12.365
9.76213
6.79073
11.2451
11.4463
8.27553
7.36044
8.17595
6.4504
7.3685
7.8354
6.47907
7.96239
7.78988
6.67155
10.2149
8.60625
11.9551
7.88098
6.9171
6.78308
8.03578
9.54416
10.2905
7.97491
15.8799
8.58471
8.78477
6.67639
11.6199
8.51255
7.43313
19.129
10.1354
11.3603
8.2563
10.6756
6.76273
5.20369
5.39809
10.217
17.2966
5.73168
6.38257
7.61375
14.9755
10.0377
9.94204
8.32563
7.93997
8.55809
6.20596
17.0277
11.3487
6.51734
6.13328
6.35156
6.32506
13.3254
7.27081
8.38754
11.7985
9.88017
10.4694
11.3395
13.2901
6.59912
10.2486
20.3694
8.29712
14.9078
23.3432
9.12418
7.58672
7.81994
6.38301
12.0226
9.64371
7.93686
8.26984
6.28363
12.6067
5.78791
9.71514
14.0757
13.1297
16.0987
9.27635
10.8897
15.8269
8.80417
14.0041
9.33821
10.5355
7.90545
6.8164
9.7665
10.0376
11.1259
8.33608
18.654
12.3027
6.08761
7.63917
5.75195
13.0454
7.09857
7.09285
6.78148
9.04674
9.97413
6.0487
13.4694
6.21837
10.2755
9.51846
7.14054
11.0667
7.9164
10.8832
7.81674
11.3378
5.55203
12.4011
10.317
10.1462
12.8136
6.30752
6.92844
9.86802
7.13496
11.4207
9.29742
9.19177
9.1475
7.11955
6.86819
7.38624
7.56774
6.73257
8.95522
10.5839
6.70654
22.4404
6.86843
9.65938
13.672
10.7819
9.12176
5.96782
6.71863
11.7247
14.9261
7.89489
5.83188
11.7755
11.8669
9.65596
14.6079
9.70916
7.59601
8.55274
8.9364
10.0883
10.9897
6.65008
8.48889
9.49595
6.0102
17.2312
5.98171
17.1476
7.03495
7.09752
6.64243
8.18501
7.27637
6.7926
5.51091
7.67223
14.3813
8.97124
11.3843
13.856
8.01273
9.70738
9.38909
6.52226
6.76254
8.17564
10.8032
12.309
7.88488
8.32252
10.5351
7.02084
7.03232
10.1426
6.5818
12.1858
6.36295
6.18421
11.5318
15.2638
5.63136
13.4025
5.22013
18.2844
6.96813
10.1045
9.38385
7.75833
12.6581
14.2011
8.56408
7.66656
15.648
7.7666
11.4319
8.31015
16.4988
11.3417
11.8554
8.49631
9.58792
13.1308
12.3591
7.19694
10.4007
9.49748
7.01703
8.7842
6.56531
18.3914
8.83426
8.48238
6.74824
8.43083
10.872
9.25442
11.877
19.3073
6.66664
8.35014
9.81073
9.06442
8.70532
8.53494
8.0409
40.8014
17.799
6.90242
10.7715
8.92534
11.4169
12.2765
7.14151
12.0322
11.2047
8.8493
10.6507
17.3847
4.88583
11.8556
6.38683
12.5416
10.918
7.3316
5.86672
9.52271
7.51773
5.52271
12.0546
14.5937
9.75362
10.038
7.62566
16.9305
8.0599
5.6931
11.5968
11.4881
17.1846
7.98576
6.64418
11.1116
5.44207
7.19042
12.6987
9.68454
14.8828
7.00892
20.3894
12.0169
6.99747
6.65814
6.90299
8.3758
8.39798
16.4695
6.09962
6.91964
8.72601
8.57585
15.4495
10.1054
6.89812
7.96475
8.69819
8.49004
9.19625
5.78269
11.1628
19.9311
6.2146
16.8287
13.2135
7.5536
13.8965
6.93396
5.84884
7.27636
14.2281
26.1412
5.39668
7.57558
8.62493
12.0291
15.5424
11.6656
7.10103
6.22056
7.93488
11.836
5.99352
11.4527
15.6087
16.1462
7.07126
10.6186
13.5258
10.3309
6.93161
7.55433
7.31046
8.46194
11.5715
15.4521
18.9542
13.8723
16.0534
8.16888
8.75325
7.58522
14.9728
9.20178
9.12097
8.53944
7.87383
7.28802
8.86871
13.2926
6.79792
23.9254
8.14562
13.6681
8.27405
9.4726
8.59034
7.19829
9.83595
11.3931
7.27274
7.83114
12.0745
14.4442
8.79984
7.40581
7.0826
11.0744
7.79428
10.8046
6.13161
11.1289
7.01018
5.13422
8.60248
12.3922
5.83805
9.27723
11.5967
8.76093
7.37725
9.95246
7.53458
6.83867
4.82831
6.93557
4.62036
9.67764
5.33675
5.44154
9.35807
10.3809
24.6885
8.45051
9.24592
11.3386
9.69625
11.1856
9.89359
10.9165
7.97802
8.58961
16.1076
14.9964
8.41958
10.2471
13.5477
18.1528
7.65224
6.05549
13.8277
12.3314
13.7233
7.7721
9.66779
25.6381
11.8984
6.00958
5.40893
6.00558
5.30794
8.21358
10.0348
15.555
16.0364
6.90671
7.54469
12.973
7.62092
9.36037
7.99517
7.10811
12.8322
8.1071
7.56587
9.13699
10.5729
10.6725
4.95922
9.87215
6.56273
6.13652
5.11863
9.83895
15.9585
8.94235
11.9155
12.7151
7.24423
6.81492
5.61979
5.84032
9.07449
7.2582
6.1298
7.28547
12.3916
5.88636
8.88805
8.68116
8.6589
9.50581
6.07871
10.7927
8.24016
6.6462
18.5817
15.4874
12.0312
21.84
15.7351
10.0519
7.73098
15.6231
6.6689
12.1234
17.0114
13.4391
9.29747
12.5844
9.3527
12.7144
9.01471
8.21112
11.5605
6.15607
9.0666
10.775
8.49342
8.0772
8.98514
20.2043
10.9849
9.9525
10.7588
9.64097
14.4588
8.66403
5.64291
10.0831
6.55048
6.39378
4.99335
7.13666
8.27711
12.1833
7.75154
6.70626
5.57449
8.48427
9.77508
7.01527
12.8574
9.33004
33.6816
4.5255
10.4585
11.1609
16.5569
11.9796
6.77951
13.6215
6.3293
9.56991
14.3161
5.95078
9.26702
7.33439
11.7226
6.25397
13.4679
6.81747
8.74252
7.88667
13.0524
6.75663
9.59043
9.69245
5.30219
7.14613
14.4134
7.54654
12.1406
9.73777
8.08671
11.957
21.9008
6.53827
6.02451
13.4506
7.14093
8.24013
24.1998
11.1311
5.86663
5.79853
6.20627
11.5462
8.76905
7.70101
11.9836
7.83907
14.7808
9.00041
20.6681
8.12213
6.39472
16.7422
7.32535
6.5806
8.12828
6.22784
15.8093
9.30571
9.99841
6.75488
7.61833
11.293
9.01924
5.62559
9.1014
7.36853
9.79213
6.1962
25.6025
8.21961
5.38357
8.52958
6.06491
7.83393
6.2641
8.33768
14.2215
7.03415
5.22066
10.4588
6.48782
14.4024
11.0072
11.2426
6.20203
12.6636
7.98689
9.23775
12.2121
7.64033
10.2877
8.38414
13.2208
8.64787
6.07408
11.8789
9.06505
5.56735
6.13689
9.12404
16.379
9.03824
11.3826
16.84
18.4403
9.75815
11.8939
13.1163
6.81428
4.97505
8.06323
7.6589
7.74319
6.93443
5.50307
5.35189
12.6618
13.2599
19.6502
8.13525
8.75489
11.0311
5.9808
9.96603
7.76185
8.21273
10.9371
11.9838
7.88212
10.4202
10.7212
8.89484
7.91286
22.1359
8.84936
10.3908
8.09646
8.76918
11.2646
8.94526
14.5991
6.03671
6.14696
7.32593
14.2277
9.60906
8.7673
12.3456
6.69259
8.75283
12.5255
10.7056
6.34921
8.6509
5.18439
9.07296
8.92797
10.8549
11.1639
7.07061
9.33381
6.14477
5.08335
6.23377
11.9246
10.9233
8.96441
7.71029
5.43752
7.76129
21.1486
6.29985
10.4964
8.37184
9.07729
5.98111
18.5575
17.5895
6.50742
10.1715
8.69204
15.2987
9.66621
6.4393
5.93352
19.1046
6.92021
10.6267
6.64445
8.58894
10.8441
6.13711
6.71095
7.98687
7.49592
9.68135
6.45067
21.6656
12.2137
16.8348
8.01273
6.20614
9.79346
6.25998
6.75966
12.3779
8.43086
8.96075
12.2095
11.2507
7.72268
9.1201
9.90433
9.91831
8.98492
7.29723
6.48973
14.0605
5.72056
11.0164
11.0054
11.5056
6.31676
10.8232
10.7346
11.8348
9.09269
18.3608
12.9959
6.0348
12.5529
7.66799
14.5657
6.98381
12.1354
11.2772
7.21408
14.604
16.0005
7.42966
12.4049
6.2921
14.5693
6.67465
9.65136
7.71832
6.51305
7.00611
8.82701
14.1728
6.65944
5.75593
10.5237
5.84575
13.269
12.2891
6.3691
6.82005
7.77814
8.65555
10.4064
18.5842
11.6412
6.33056
6.45728
6.34057
9.2547
14.0347
5.21527
7.46567
17.3773
9.25196
27.0731
9.5302
11.3328
6.51098
7.09566
7.90407
10.3622
10.957
6.15681
20.7405
5.56794
9.36249
8.99958
18.0578
6.48979
5.8655
9.3172
10.2883
5.27912
8.7177
7.80207
8.59362
6.20253
8.45705
8.57386
7.10823
7.88089
12.9742
16.5901
8.59812
6.69836
5.30571
8.91522
9.35663
9.34251
9.59821
13.1752
11.0126
14.0671
9.13036
12.7164
7.85688
6.21332
7.08618
8.89275
7.23165
7.86414
15.0846
11.0741
6.88982
8.06133
5.37614
13.8989
9.71874
6.73881
9.59699
5.31692
9.58999
8.9524
14.8686
8.54606
6.39804
6.38183
9.27232
5.81233
13.5438
13.6694
8.94808
27.9741
7.16432
8.95247
10.7578
9.82124
20.4977
9.85023
7.97888
10.0744
13.3888
11.183
