1.16935
1.09187
1.33574
1.11433
1.06265
1.19939
1.21702
1.23695
1.22405
1.03921
1.28607
1.21637
1.21131
1.18932
1.40652
1.20614
1.08928
1.01774
1.23704
1.0078
1.548
1.05858
1.1906
1.32565
1.26537
1.20712
1.14217
1.08475
1.21454
1.29782
1.1813
1.07855
1.1579
1.21313
1.28515
1.16702
1.36058
1.19945
1.18678
1.22244
1.20219
1.18127
1.75194
1.6619
1.15894
1.23142
1.42583
1.11037
1.18043
1.64549
1.10548
1.23384
1.72894
1.30457
1.16257
1.16178
1.17368
1.10948
1.26487
1.2145
1.1841
1.33208
1.1253
1.23022
1.09215
1.19169
1.19299
1.47705
1.19407
1.10948
1.13719
1.05824
1.21095
1.37063
1.19718
1.08333
1.02151
1.24705
1.14366
1.39731
1.26133
1.35102
1.19648
1.19979
1.13491
1.14352
1.07366
1.17526
1.16484
1.23847
1.22451
1.26926
1.25039
1.39528
1.18926
1.22754
1.20176
1.25931
1.15349
1.07132
1.43189
1.15028
1.26946
1.0658
1.13572
1.17296
1.15194
1.10436
1.31048
1.1837
1.11784
1.21439
1.19521
1.86677
1.22006
1.18225
1.17251
1.35709
1.06908
1.18189
1.23029
1.3392
1.20775
1.14725
1.08719
1.16473
1.18679
1.53019
1.01102
1.19692
1.20308
1.27159
1.14225
1.12254
1.16159
1.24776
1.3599
1.10466
1.23345
1.171
1.17751
1.24323
1.47214
1.2083
1.26115
1.11536
1.15233
1.06277
1.0536
1.23009
1.07473
1.17309
1.16592
1.75012
1.18316
1.27485
1.15614
1.22897
1.14141
1.14649
1.21986
1.23452
1.19671
1.21716
1.19671
1.25365
1.20296
1.22218
1.03745
1.11311
1.19694
1.18713
1.21639
1.20521
0.996937
1.17111
1.08612
1.36228
1.22517
1.52275
1.061
1.2048
1.10964
1.50377
1.13797
1.37907
1.14946
1.63519
1.20081
1.07408
1.18644
1.18028
1.14617
1.20547
1.54984
1.19858
1.4266
1.16734
1.1014
1.2124
1.05194
1.22338
1.49652
1.18383
1.15175
1.24936
1.22524
1.30396
1.18401
1.10042
1.08865
1.2305
1.01867
1.6625
1.09103
1.09606
1.18567
1.21377
1.2132
1.17979
1.14448
1.24006
1.19131
1.11412
1.2083
1.12566
1.20537
1.19776
1.21553
1.55308
1.13983
1.34434
1.30362
1.23527
1.37692
1.01724
1.11403
1.24871
1.17002
1.55853
1.13687
1.21469
1.30842
1.38011
0.99154
1.09797
1.26759
1.19465
1.18054
1.19907
1.14122
1.0791
1.24947
1.17097
1.1226
1.13423
1.20184
1.09729
1.22721
1.26988
1.16008
1.22212
1.30864
1.22833
1.06306
1.39616
1.72743
1.19995
1.20294
1.13758
0.994487
1.51345
1.21253
1.15317
1.22637
1.07547
1.18908
1.19758
1.20914
1.19833
1.17791
1.15802
1.14113
1.33361
1.07752
1.17119
1.23175
1.19544
1.10989
1.15316
1.238
1.07932
1.25709
1.2058
1.5915
1.16865
1.22015
1.16209
1.1455
1.19051
1.03755
1.03585
1.17738
1.33482
1.39712
1.28144
1.19229
1.07905
1.16542
1.09095
1.14971
1.19645
1.2092
1.12266
1.27948
1.37875
1.30934
1.28251
1.55265
1.12593
1.43214
1.24516
1.26907
1.14227
1.22719
1.14744
1.22572
1.09479
1.17521
1.13143
1.20978
1.16559
1.22558
0.972986
1.21063
1.17487
1.1262
1.20841
1.21517
1.05298
1.10822
1.36931
1.16567
1.19682
1.12557
1.09902
1.40795
1.08402
1.34929
1.14307
1.19108
1.28207
1.65623
1.04985
1.04561
1.10991
1.27657
1.38097
1.18578
1.2118
1.23579
1.71086
1.36577
1.4158
1.16499
1.0874
1.17685
1.24179
1.20569
1.24653
1.21832
1.09423
1.28857
1.19578
1.09268
1.09125
1.40694
1.36825
1.14178
1.1864
1.28566
1.13945
1.26201
1.08968
1.07328
1.2522
1.15274
1.20028
1.22912
0.993516
1.19633
1.15315
1.16959
1.16329
1.10228
1.65589
1.21533
1.16036
1.22312
1.1943
1.20331
1.25987
1.18523
1.20627
1.03844
1.33089
1.22207
1.31117
1.34604
1.2034
1.2325
1.18752
1.19277
1.19326
1.17454
1.25666
1.15017
1.16213
1.32934
1.0758
1.2287
1.18015
1.11564
1.13964
1.22942
1.21097
1.09777
1.15279
1.35882
1.50763
1.25039
1.19302
1.22257
1.13744
1.12203
1.16029
1.1515
1.29455
1.26934
1.20325
1.24319
1.1392
1.22317
1.24318
1.16
1.24363
1.16724
1.34183
1.1623
1.24713
1.25013
1.16637
1.16291
1.29462
1.23087
1.31279
1.24082
1.26248
1.16577
1.17975
1.13627
1.18287
1.14011
1.22597
1.17095
1.23759
1.15403
1.21695
1.59249
1.17505
1.19191
1.09842
1.23459
1.12426
1.22268
1.18075
1.28666
1.54656
1.21611
1.18382
1.18284
1.14063
1.19524
1.01941
1.65924
1.09098
1.24225
1.18787
1.73079
1.45322
1.12752
1.0996
1.17628
1.14354
1.17077
1.33563
1.29693
1.11952
1.19003
1.16881
1.07946
1.18434
1.0019
0.987304
1.32249
1.38975
1.20468
1.11006
1.16998
1.32052
1.21444
1.21561
1.20722
1.16845
1.37227
1.14904
1.22295
1.09728
1.27279
1.16767
1.35856
1.57555
1.55723
1.14813
1.45324
1.21063
1.25254
1.56932
1.22034
1.14804
1.22771
1.1258
1.32152
1.09013
1.20782
1.11117
1.18203
1.23426
1.08804
1.25743
1.23629
1.25561
1.23131
1.03257
1.22067
1.42685
1.1717
1.43329
1.22521
1.22658
1.19529
1.56084
1.20372
1.17555
1.18203
1.28909
1.07195
1.19306
1.07567
1.76109
1.08052
1.82235
1.13473
1.33038
1.46486
1.24719
1.1656
1.34802
1.30152
1.27448
1.20286
1.3727
1.15978
1.40041
1.19168
1.11641
1.17834
1.22896
1.17371
1.1657
1.05375
1.18014
1.15695
1.19057
1.18162
1.17308
1.16819
1.37369
1.16871
1.19789
1.08035
1.05112
1.20269
1.19413
1.11671
1.26253
1.03831
1.16376
1.43652
1.16871
1.1619
1.12442
1.24558
1.22629
0.998512
1.17498
1.1354
1.19176
1.29306
1.27318
1.19414
1.17063
1.13786
1.25721
1.22723
1.0191
1.21455
1.03378
1.0493
1.09889
1.29778
1.15251
1.13112
1.19244
1.19107
1.21397
1.24747
1.0356
1.06401
1.18989
1.06157
1.57823
1.11299
1.2345
1.17953
1.12459
1.17349
1.07988
1.59972
1.26284
1.1003
1.3079
1.44622
1.23587
1.1873
1.1967
1.38895
1.18705
1.2893
1.21295
1.18138
1.19594
1.0434
1.22153
1.26948
1.09959
1.21334
1.17318
1.5409
1.19292
1.06288
1.15585
1.23668
1.16456
1.20575
1.17264
1.1728
1.06746
1.05805
1.20091
1.11015
1.21393
1.18257
1.18039
1.22665
1.15458
1.0791
1.22572
1.28412
1.17486
1.36738
1.64086
1.0957
1.15244
1.12925
1.15112
1.08475
1.05976
1.12248
1.35072
1.18704
1.05676
1.19114
1.1839
1.12412
1.2282
1.28593
1.08156
1.34514
1.18458
1.21504
1.20393
1.10417
1.16333
1.03974
1.15165
1.18794
1.22364
1.18032
1.11383
1.10176
1.15627
1.27638
1.09949
1.17611
1.15408
1.21014
1.07287
1.20133
1.19921
1.21016
1.41828
1.03652
1.32261
1.17119
1.13517
1.06855
1.19485
1.10999
1.17014
1.3701
1.06831
1.19773
1.23122
1.15877
1.14556
1.17564
1.26919
1.14248
1.23635
1.15511
1.20397
1.13383
1.25829
1.19746
1.10513
1.06652
1.22941
1.21155
1.71207
1.27564
1.16965
1.31723
1.18383
1.3129
1.18958
1.54678
1.5034
1.23749
1.18916
1.32506
1.19444
1.21997
1.16861
1.20521
1.23479
1.12988
1.10371
1.17324
1.16858
1.19568
1.1501
1.47897
1.28968
1.00766
1.16139
1.34864
1.13968
1.27499
1.02542
1.16705
1.16114
1.1494
1.23878
1.19212
1.30041
1.11707
1.13371
1.17473
1.21597
1.04545
1.22929
1.17787
1.25889
1.20896
1.06609
1.05536
1.20948
1.1
1.25625
1.10999
1.19024
1.18114
1.22004
1.06445
1.13769
1.17196
1.15409
1.19949
1.45777
1.18254
1.27575
1.19738
1.25072
1.16471
1.15594
1.52514
1.06887
1.13007
1.20301
1.06743
1.22805
1.08586
1.1523
1.07597
1.15834
1.12676
1.14261
1.19759
1.10719
1.1943
1.18094
1.13792
1.20485
0.994456
1.12741
1.67269
1.73344
1.19978
1.49362
1.26211
1.23585
1.12888
1.47767
1.09232
1.18247
1.08206
1.26799
1.1323
1.46987
1.22257
1.21016
1.25336
1.1839
1.37261
1.10987
1.22946
1.24505
1.22069
1.44765
1.19925
1.09813
1.58645
1.61711
1.16609
1.19624
1.21007
1.18318
1.19821
1.10107
1.2136
1.07834
1.37431
1.25741
1.02676
1.14362
1.19476
1.14722
1.14818
1.08125
1.20862
1.07548
1.20132
1.17083
1.21354
1.17839
1.20501
1.08039
1.22951
1.75766
1.2078
1.17005
1.18008
1.10402
1.31532
1.20029
1.20888
1.12324
1.52098
1.21757
1.2295
1.15613
1.25326
1.19897
1.16349
1.0449
1.18767
1.21682
1.19663
1.19338
1.2337
1.212
1.53498
1.18958
1.27104
1.36257
1.20961
1.14895
1.18874
1.19553
1.46026
1.08392
1.23107
1.20378
1.20153
1.29226
1.06726
1.38339
1.10516
1.19554
1.22773
1.18603
1.21163
1.19033
1.18657
1.1479
1.15172
1.17569
1.18225
1.17708
1.20387
1.11498
1.20597
1.17132
1.24754
1.19632
1.45233
1.11145
1.18539
1.31119
1.50782
1.11584
1.05028
1.17546
1.17776
1.23344
1.18684
1.21199
1.14797
1.1537
1.23605
1.29303
1.47688
1.2065
1.20646
1.15966
1.39055
1.05572
1.11445
1.18139
1.21676
1.17856
1.36118
1.16158
1.22654
1.52744
1.11981
1.04335
1.35204
1.11772
1.10278
1.11439
1.2292
1.20653
1.20949
1.17441
1.19082
1.18857
1.11789
1.16399
1.37277
1.24759
1.13079
1.05225
1.14601
1.05382
1.08912
1.20033
1.12009
1.42534
