8.40514
6.66314
9.42602
7.2599
7.86317
8.70085
8.32161
7.83351
8.45283
6.36653
9.1537
6.76244
8.54629
7.32868
9.08966
7.53632
7.05268
7.77953
8.92557
6.80925
10.9549
6.79964
8.4216
6.74705
7.78802
7.48968
7.01979
8.13201
8.30358
8.0096
7.00715
7.91188
7.9604
8.76383
7.19619
7.38683
9.04485
7.34901
8.29633
7.53243
7.23424
7.06559
13.2217
11.1395
7.3403
8.66923
8.24782
7.18647
8.37511
11.8884
7.08836
8.44607
11.5348
7.39521
7.32047
8.387
6.9956
7.85618
9.03545
7.57669
6.64457
8.97332
7.31141
8.7929
6.61558
8.4869
8.88105
9.08145
7.03671
7.02336
8.14638
7.71503
8.51586
8.05401
8.09712
7.83867
7.87995
8.50515
7.04708
8.61635
6.52007
7.8345
7.61165
8.49492
6.64085
8.14312
8.05153
8.57638
8.73795
8.10532
6.44046
7.30285
7.68646
8.41907
7.84406
7.73093
7.65983
7.74842
6.94387
7.88868
8.87678
7.33526
8.34321
6.2884
6.6429
8.52255
8.31759
7.91221
9.21578
8.09072
7.1885
8.33209
8.95133
14.1764
8.51315
8.53949
7.09273
9.4472
7.19518
8.48434
9.0017
7.10939
7.05144
7.2918
8.23015
8.11024
8.57402
9.40946
7.28065
8.40979
7.64915
7.33093
7.67046
7.95568
8.10923
7.98365
8.98517
6.66506
9.15841
7.32666
8.16469
8.92362
8.55941
7.45627
7.27541
7.19542
8.53642
7.75067
8.0238
8.62528
7.10912
8.15137
8.45692
13.2772
6.97959
7.20757
8.61443
8.88064
8.16394
7.92742
9.07181
8.63107
7.51746
8.67317
7.00965
8.67573
7.48598
6.96283
6.51274
7.93253
8.21525
8.19361
8.89076
8.6825
6.43144
8.50936
8.22504
8.48549
7.63794
8.66127
6.52512
8.56053
8.07741
9.81845
7.32466
8.6384
7.0038
11.5055
6.96314
7.82227
8.58157
8.53898
8.57074
8.68535
10.7053
7.79191
8.43232
7.47847
8.32613
8.26402
6.99286
8.79753
10.2743
7.09563
8.68261
9.08824
6.94995
7.737
7.27585
7.95133
8.2399
8.33083
7.82791
11.792
7.01887
8.11935
8.1159
7.15053
7.65777
7.19516
8.26957
7.35436
7.56421
8.30052
8.93033
7.08919
8.92224
8.31764
7.49671
8.80232
7.39555
7.6151
6.56078
7.57442
7.68004
6.71341
8.09355
6.23935
7.89191
11.0958
7.5377
8.49115
6.96543
8.20713
6.53309
7.97045
8.88607
7.06812
8.75024
8.65595
8.07921
7.83872
8.88887
7.10992
6.91678
8.22075
8.42873
7.0436
9.19159
7.57835
7.13594
8.69099
8.40725
6.81185
7.07251
8.6125
11.0699
7.44401
9.0076
8.03296
7.72969
10.3427
7.04596
8.26193
8.92373
6.91068
8.38916
7.37551
7.3843
7.45687
6.82018
7.62559
7.38003
7.46004
6.8024
6.96452
8.93457
6.79125
7.00163
8.79513
6.47952
6.4007
8.63575
9.09765
11.8347
7.51291
8.92395
7.76977
8.68732
8.44285
8.04926
6.14764
8.72
8.80485
7.95298
7.59101
7.27115
8.07721
8.87001
8.45171
8.04542
8.38798
9.03807
8.64374
7.97497
8.03812
7.43686
6.5339
9.22751
7.25881
8.86656
6.35599
6.67008
7.69322
8.08884
8.77131
8.01929
8.08056
8.84489
7.1017
8.18456
9.04066
8.63658
6.19784
8.87132
8.65469
6.99979
8.33595
8.84457
8.0564
8.4647
9.25938
7.22835
9.04952
8.63747
8.19056
10.5771
8.15069
8.90903
7.35978
8.87789
8.4592
11.3651
6.99633
8.1687
8.183
6.38711
7.96506
7.12037
6.69035
6.69088
11.5999
8.71119
7.88845
8.36256
6.79509
8.72779
8.22304
8.71785
6.53983
7.35537
7.27958
8.85585
7.50625
8.2124
8.07082
8.96943
7.62323
8.71471
8.78291
9.3665
7.49596
7.78084
7.29378
8.15814
8.72988
7.30853
6.88982
8.1372
6.67627
8.87334
8.87317
8.75169
8.50212
8.40324
10.2202
7.18286
7.16044
8.84365
8.8063
9.07271
7.41119
8.29823
8.73922
7.86497
9.05919
8.77807
8.9463
6.80583
7.54321
8.68727
8.95896
8.513
8.83977
8.26771
6.76944
7.67149
7.21405
10.0793
8.14701
7.50121
7.6536
8.16859
8.36524
8.68094
8.85664
8.2352
8.32799
8.57102
8.78696
6.92395
7.44719
8.73988
6.64104
8.0881
8.79722
7.27839
8.88249
7.88541
8.45038
9.29726
7.20747
8.8393
8.71013
6.89229
7.54894
8.69423
9.09433
7.05397
8.01098
7.31389
8.05265
8.71344
7.95917
7.32007
8.93647
7.61419
6.89423
8.63119
8.81201
8.35639
6.87052
7.05587
6.38039
7.57977
7.38043
7.37523
7.91659
11.6922
7.76753
7.31287
8.05541
8.91436
7.46281
8.00472
8.85188
7.35607
8.63535
7.61351
7.65687
8.59294
8.56201
8.79963
7.73071
12.4411
6.41918
8.7736
7.70374
10.8388
7.97835
8.29613
8.14463
8.46898
8.66109
8.50805
10.2124
7.18802
7.31506
8.48071
8.50167
8.01357
8.52911
6.44
7.80582
8.11629
7.65448
7.95039
8.31921
8.27382
8.62237
7.81531
8.57673
8.16152
7.30268
8.58995
6.89805
8.39285
8.17966
9.19011
9.02832
8.59534
9.5577
8.37216
7.53148
10.5061
7.95351
8.18733
9.90152
8.37039
8.45504
9.14921
6.96588
8.94849
6.9962
8.89331
8.59863
8.47079
9.05918
6.84951
7.79438
7.71855
7.12781
6.66771
6.94552
7.6406
8.07001
7.60472
9.46047
7.78471
8.41912
7.77001
9.12906
7.53578
8.74114
8.49844
8.78321
7.07713
8.92744
8.19227
14.2702
6.6779
15.0613
7.66515
7.39305
8.39454
7.52582
6.77075
7.90063
7.15875
7.4619
7.9075
8.99996
7.20467
8.77916
7.79452
8.19664
8.321
9.15028
7.62944
7.50982
8.14165
8.70437
8.25219
8.50191
8.15159
8.67134
8.27167
9.22747
8.19915
8.39815
6.79758
8.10077
8.15072
7.55581
8.21409
8.43096
8.19848
8.74861
9.28358
8.22533
6.80785
8.53379
8.91012
8.14393
6.71241
8.45951
8.6775
8.84143
7.90816
7.35244
7.06054
7.74185
8.3519
7.90875
7.28019
6.63567
9.08642
8.05047
7.90347
8.39958
9.49831
7.06002
7.53738
7.2704
7.99106
8.28282
6.9495
6.77311
7.989
8.67397
8.12338
8.37328
8.27947
7.3264
8.51963
8.37803
8.80288
8.23822
12.1361
9.05822
8.29525
8.662
9.13211
6.92093
8.45247
7.47828
7.77839
7.60275
6.95522
6.97426
8.19923
8.96686
8.13279
8.53432
8.05671
7.28382
9.33349
7.52721
10.6307
7.17169
8.07398
8.65126
7.66827
7.37845
8.92378
7.3211
8.69508
8.09722
6.46644
7.29519
8.43337
8.89126
8.23588
7.17388
7.47803
8.50914
8.17797
8.74626
7.35146
7.26281
8.89721
9.556
7.15143
8.70847
8.69524
8.65111
8.28215
7.721
8.4165
9.80168
7.02579
7.92421
9.11734
8.53853
8.33242
8.78993
6.75902
6.9493
8.76798
8.44942
9.0589
7.42396
8.39472
8.64798
8.05772
8.5822
8.39377
7.67142
7.38602
8.33537
8.24285
8.75051
8.83522
8.32913
8.48114
8.65355
8.74219
8.18394
9.13819
8.68612
8.81655
8.66175
6.64579
8.66339
6.99434
7.34032
8.30382
8.69067
8.30031
8.35985
7.09395
7.00198
8.96713
7.01209
7.32348
7.47367
8.27243
6.96739
7.69234
8.92552
8.55322
9.24963
8.4026
8.94023
7.50013
8.22248
8.03385
8.73457
7.92218
11.5384
7.65932
7.41296
6.64331
7.90304
8.77445
6.86471
9.28857
8.67505
7.43614
7.32571
8.73725
8.27033
7.36127
7.4389
8.77606
8.55523
7.34779
8.53235
8.69186
8.63321
8.91203
6.89842
9.70878
6.70864
6.65823
8.37768
8.72323
7.36136
8.78476
6.72612
6.90052
7.57447
7.4212
9.15111
7.41015
8.05563
6.97626
8.4421
9.04057
8.75698
8.01221
8.85371
8.55437
8.63599
8.72583
8.01831
8.03387
8.30663
8.35485
8.59594
7.18934
8.35061
7.3899
8.62011
6.66576
8.51129
8.69993
8.66991
9.18379
10.6087
7.49541
8.45406
7.4959
7.17847
7.33032
8.57692
10.8288
6.75235
8.48892
7.54099
8.02332
8.09515
7.97431
8.31534
6.78345
8.31264
8.24863
8.522
8.98082
6.86987
8.66223
7.34052
8.46351
8.87708
6.08707
8.30808
12.4463
10.7308
7.57882
8.36429
7.86955
6.7196
7.52163
10.0253
6.75182
8.17733
8.16635
8.21618
7.01577
9.54785
6.89168
7.02957
9.40641
8.84619
8.9799
7.18093
8.47324
7.21762
7.3407
9.82527
7.46882
7.08609
11.2811
9.67039
7.05523
7.90121
8.20325
8.93303
8.87709
8.23652
8.90303
8.21682
8.65779
8.36045
6.53447
8.34505
8.42295
8.3534
8.21673
8.27767
8.95795
8.30842
8.20292
7.26499
7.41353
8.01811
7.34945
8.01145
8.82794
11.7704
8.50593
8.93512
8.68977
7.23454
8.45049
7.17285
8.91442
7.1004
10.4473
7.37695
8.0791
7.41758
8.02844
8.50563
7.27639
7.92752
8.49244
7.18327
7.82277
8.62331
8.52443
7.40657
8.32095
8.70024
8.51954
8.84128
7.46571
7.37384
8.51496
8.69581
8.46368
7.07566
9.02293
7.69284
6.68368
8.82044
6.92288
9.30789
6.90273
8.84322
7.73569
7.10328
7.94233
8.74282
8.4551
8.14041
8.44275
8.2467
8.35518
8.06637
8.83559
8.15351
8.34409
7.54061
7.39225
8.9699
8.87111
7.02268
8.47413
8.61829
8.56542
7.17376
7.96108
9.00501
8.95105
9.10629
8.56081
8.74129
7.14014
8.55008
9.19961
6.92366
9.56561
7.59093
8.86992
8.94636
8.95113
7.07111
8.08438
8.33422
9.15526
7.65781
7.84384
7.39945
9.21367
9.1898
6.87987
7.98399
8.89538
7.10379
8.21208
8.38661
9.35522
7.58894
9.35155
8.6942
7.86427
8.71143
8.48772
8.21318
8.56511
7.55799
7.29432
8.05281
8.23878
7.9974
7.96697
8.58504
8.12392
9.07293
