0.139123
0.163867
0.141708
0.153491
0.135143
0.137848
0.146248
0.157905
0.144809
0.16323
0.140497
0.179872
0.141735
0.162283
0.154738
0.160043
0.154449
0.130823
0.138595
0.148004
0.141307
0.155682
0.141374
0.196479
0.162476
0.161171
0.162707
0.133392
0.146267
0.162033
0.168585
0.13632
0.145458
0.138425
0.178587
0.157987
0.150426
0.163212
0.143049
0.16229
0.166181
0.167186
0.132505
0.14919
0.157888
0.142045
0.172874
0.154509
0.140945
0.138411
0.155957
0.146085
0.14989
0.176407
0.158811
0.138522
0.167774
0.141224
0.13999
0.160295
0.178206
0.148449
0.15391
0.13991
0.165087
0.140415
0.13433
0.162645
0.169691
0.15797
0.139595
0.137166
0.142199
0.17018
0.147853
0.138204
0.129634
0.146623
0.162289
0.16217
0.193453
0.172445
0.157191
0.141236
0.170899
0.140428
0.133349
0.137035
0.133308
0.152797
0.190128
0.173803
0.162675
0.165728
0.151613
0.158783
0.156891
0.162525
0.166116
0.135805
0.161307
0.156815
0.152155
0.169486
0.170967
0.13763
0.138495
0.139577
0.142199
0.146303
0.155504
0.145748
0.133523
0.131681
0.143315
0.138445
0.165311
0.14365
0.148583
0.139303
0.136673
0.18837
0.171277
0.157335
0.132098
0.143612
0.138417
0.162623
0.138864
0.142325
0.157283
0.173456
0.148915
0.141099
0.143243
0.156289
0.151349
0.165739
0.134679
0.159827
0.14422
0.139319
0.171991
0.162052
0.173344
0.15501
0.13499
0.13712
0.13131
0.142615
0.151176
0.143913
0.137866
0.131814
0.169517
0.176876
0.13421
0.138388
0.139811
0.144623
0.134467
0.143032
0.159191
0.140336
0.170724
0.144501
0.160695
0.175529
0.159295
0.140322
0.145698
0.144885
0.136815
0.138809
0.15501
0.137626
0.13205
0.160542
0.160406
0.175811
0.162602
0.140739
0.137376
0.153158
0.155362
0.159644
0.164119
0.142123
0.172452
0.13731
0.138254
0.138223
0.133731
0.138794
0.144774
0.153824
0.169182
0.156094
0.132283
0.146708
0.150431
0.139059
0.145656
0.16684
0.13265
0.13747
0.176294
0.168536
0.162731
0.138395
0.13212
0.147704
0.130133
0.140986
0.155442
0.134993
0.146092
0.169745
0.158427
0.16397
0.138397
0.168616
0.157493
0.134223
0.135303
0.158785
0.135097
0.144003
0.162142
0.17644
0.154124
0.176536
0.198699
0.163084
0.179285
0.151524
0.137644
0.200135
0.148256
0.140461
0.150824
0.143053
0.187845
0.16816
0.151772
0.137755
0.142649
0.169019
0.134915
0.138525
0.141254
0.137663
0.140566
0.164695
0.162301
0.137972
0.142588
0.155785
0.133515
0.167567
0.162569
0.140619
0.155656
0.180323
0.150309
0.162108
0.156048
0.161196
0.133547
0.141614
0.128658
0.14633
0.172088
0.139576
0.137428
0.155624
0.14174
0.162372
0.163745
0.160701
0.17271
0.15186
0.154624
0.178767
0.158403
0.168166
0.137863
0.176027
0.158519
0.131114
0.191063
0.168625
0.145568
0.13254
0.134478
0.155553
0.136727
0.149566
0.131859
0.141008
0.1289
0.168495
0.135021
0.151601
0.175672
0.16881
0.163976
0.133592
0.131389
0.12908
0.142902
0.142639
0.133789
0.129881
0.160437
0.171526
0.176061
0.196286
0.168263
0.155112
0.161522
0.195903
0.190263
0.148477
0.151714
0.130817
0.152847
0.135485
0.132869
0.159319
0.147813
0.128928
0.141906
0.156988
0.136465
0.135749
0.160891
0.144964
0.137391
0.130701
0.130922
0.147884
0.161263
0.132252
0.130313
0.134181
0.133113
0.132997
0.151452
0.155313
0.134163
0.151559
0.14573
0.150058
0.128002
0.135636
0.199867
0.173379
0.166534
0.181127
0.184697
0.147489
0.156783
0.179478
0.13931
0.160028
0.13484
0.151013
0.138301
0.190606
0.165637
0.150315
0.145505
0.159304
0.133052
0.135209
0.15686
0.179485
0.131018
0.135081
0.137262
0.152008
0.162194
0.149398
0.131559
0.143438
0.157726
0.174211
0.15105
0.148813
0.134823
0.129959
0.133642
0.136824
0.131173
0.162022
0.169199
0.162052
0.138305
0.135619
0.132629
0.169995
0.142829
0.13803
0.132033
0.14691
0.139218
0.14656
0.197777
0.159534
0.141874
0.132551
0.140112
0.134988
0.142063
0.185637
0.149928
0.161092
0.131888
0.132049
0.163801
0.154195
0.136577
0.136235
0.141623
0.13673
0.133302
0.138423
0.158537
0.171576
0.180589
0.160197
0.139884
0.171274
0.138726
0.131893
0.158208
0.145742
0.160973
0.14239
0.133716
0.158058
0.138378
0.142728
0.168304
0.164742
0.134255
0.147546
0.164773
0.155678
0.170926
0.144843
0.133462
0.162658
0.16815
0.146903
0.162961
0.183121
0.135065
0.13388
0.135976
0.172166
0.161583
0.192146
0.154484
0.167685
0.156474
0.153721
0.136201
0.151277
0.162988
0.136358
0.138495
0.150648
0.152745
0.13339
0.174912
0.179096
0.159731
0.154609
0.137653
0.13322
0.135829
0.131865
0.133368
0.169957
0.141589
0.154194
0.159684
0.182145
0.135909
0.135009
0.138893
0.132032
0.137607
0.130785
0.180429
0.153043
0.140322
0.13748
0.134704
0.138859
0.155574
0.126483
0.162943
0.18156
0.151525
0.133433
0.141408
0.15315
0.155392
0.141734
0.147916
0.160003
0.159753
0.166575
0.145713
0.134147
0.138496
0.129334
0.158058
0.164846
0.186001
0.152444
0.138323
0.152213
0.152985
0.158493
0.145793
0.135782
0.134187
0.161617
0.147681
0.155818
0.135812
0.129226
0.139542
0.136244
0.15885
0.161325
0.160172
0.176156
0.184668
0.148667
0.159761
0.176809
0.154076
0.151503
0.157386
0.14569
0.153834
0.170975
0.159734
0.134485
0.139088
0.146768
0.151467
0.13364
0.131303
0.12341
0.161805
0.120996
0.148037
0.17995
0.174501
0.165721
0.172152
0.170622
0.181808
0.170798
0.152116
0.152523
0.160976
0.159515
0.152887
0.136204
0.14161
0.134308
0.15384
0.155224
0.129427
0.13558
0.140199
0.140036
0.144956
0.135282
0.141228
0.14887
0.142541
0.142637
0.158931
0.129756
0.147556
0.158041
0.13595
0.149749
0.126647
0.133022
0.154738
0.142087
0.17067
0.131761
0.139794
0.150577
0.148756
0.138895
0.130844
0.134793
0.16351
0.173164
0.169129
0.151208
0.13624
0.158965
0.168571
0.153579
0.133666
0.128413
0.132764
0.130827
0.136633
0.163245
0.150068
0.164013
0.14905
0.146565
0.179505
0.152899
0.133185
0.137179
0.130681
0.188484
0.134428
0.168501
0.138448
0.134231
0.133308
0.131082
0.131815
0.139414
0.132642
0.150993
0.158366
0.17857
0.140468
0.160024
0.178565
0.156135
0.185372
0.173918
0.144084
0.133373
0.128296
0.143132
0.157568
0.150963
0.129998
0.155859
0.144948
0.166337
0.131643
0.133605
0.161272
0.157832
0.135117
0.160173
0.134881
0.13183
0.163621
0.164617
0.131638
0.136531
0.143588
0.16454
0.164034
0.135687
0.131952
0.140142
0.174675
0.161764
0.153686
0.17171
0.153214
0.132335
0.12987
0.13306
0.130975
0.137257
0.133367
0.137805
0.168954
0.133359
0.130646
0.138654
0.134909
0.139728
0.190254
0.155635
0.153415
0.140197
0.134127
0.162168
0.131532
0.13452
0.129037
0.13419
0.141526
0.159506
0.159804
0.133627
0.133663
0.132137
0.144465
0.132005
0.138674
0.133365
0.138425
0.131095
0.131463
0.13806
0.13726
0.163741
0.155966
0.152667
0.167449
0.154649
0.128682
0.137487
0.133729
0.139971
0.193137
0.152572
0.133569
0.175585
0.158227
0.15328
0.142116
0.182162
0.148522
0.138518
0.13505
0.130164
0.134938
0.140745
0.159659
0.134403
0.132753
0.140752
0.152932
0.14838
0.166547
0.157785
0.19828
0.149794
0.149628
0.173289
0.166525
0.173302
0.166416
0.162327
0.151657
0.144425
0.165728
0.157095
0.137329
0.144332
0.153771
0.129356
0.134982
0.135359
0.134165
0.166719
0.152333
0.192242
0.151341
0.138629
0.154603
0.154819
0.145136
0.152454
0.169125
0.153296
0.154881
0.135369
0.160877
0.161428
0.160124
0.134292
0.12994
0.138857
0.130482
0.138845
0.137692
0.145772
0.13855
0.132957
0.131364
0.145604
0.13166
0.146145
0.154394
0.142533
0.159832
0.141534
0.159689
0.133668
0.134709
0.133114
0.13061
0.137413
0.157769
0.150904
0.159738
0.174232
0.158889
0.134773
0.140841
0.158296
0.133123
0.159529
0.133041
0.151702
0.13617
0.138575
0.158617
0.139347
0.1366
0.134078
0.13335
0.161166
0.137875
0.160879
0.13445
0.135726
0.163372
0.1357
0.134393
0.161539
0.158307
0.178571
0.160379
0.183918
0.150084
0.147394
0.161782
0.144603
0.132502
0.154328
0.161394
0.153948
0.177398
0.172153
0.133245
0.133832
0.152854
0.154558
0.145099
0.172501
0.166291
0.147339
0.160567
0.15497
0.140629
0.167223
0.16528
0.1514
0.147511
0.13245
0.134978
0.133682
0.136313
0.131236
0.158737
0.1504
0.15713
0.137042
0.141846
0.137336
0.139737
0.130623
0.134921
0.129445
0.14645
0.16116
0.163692
0.146966
0.163959
0.134856
0.139275
0.149329
0.141995
0.130949
0.135801
0.152604
0.15565
0.167338
0.13561
0.158194
0.145586
0.16505
0.152183
0.155864
0.156102
0.140962
0.159899
0.131807
0.13985
0.169396
0.152968
0.13839
0.144725
0.163638
0.184472
0.13673
0.149191
0.154115
0.162022
0.155814
0.139606
0.137483
0.172532
0.15319
0.136438
0.156481
0.179771
0.146507
0.154164
0.148626
0.160105
0.135193
0.15871
0.166969
0.152553
0.136149
0.140338
0.141012
0.136415
0.142565
0.141499
0.145925
0.136252
0.136749
0.14453
0.155335
0.168763
0.13337
0.163714
0.158266
0.139883
0.15214
0.176036
0.155545
0.131927
0.130534
0.131578
0.135449
0.138637
0.138651
0.160777
0.134934
0.134359
0.186755
0.154395
0.15894
0.136017
0.129624
0.155349
0.1493
0.137852
0.141752
0.132903
0.153903
0.173535
0.156982
0.133122
0.16621
0.162766
0.13068
0.151994
0.157341
0.134288
0.132877
0.131392
0.158985
0.129336
0.13508
0.151421
0.136438
0.131707
0.141722
0.160274
0.165069
0.155023
0.130669
0.1391
0.13177
0.136704
0.139816
0.137875
0.157098
