2.28907
3.33709
3.78275
3.06769
2.62985
2.88346
2.19479
2.80413
3.09935
2.83728
3.75487
2.55076
2.88834
2.90268
3.16124
2.18971
2.93104
3.66281
2.69827
2.95713
2.9352
2.85321
2.90625
3.50152
2.8549
2.43685
2.87305
1.7762
2.83041
2.9107
3.06676
2.76401
2.04131
2.80947
2.88463
2.92165
2.72903
3.11818
2.67066
2.89192
2.84788
2.84271
2.73785
2.71089
2.773
1.83905
2.61102
3.34
2.88271
2.85242
2.91798
3.11631
2.87619
3.37779
2.67191
2.87359
2.93593
2.61125
2.79632
2.79829
2.40668
2.88594
2.86725
2.45449
2.90379
2.77256
2.92598
2.85802
3.17647
2.91974
2.49234
3.06884
2.08067
3.25443
2.89338
2.93809
2.93195
2.35441
2.41225
2.74805
2.81937
1.99797
2.50629
3.3629
3.24146
2.74619
2.38899
3.26658
2.9413
2.66245
2.88069
2.03824
2.40095
2.62749
2.00531
2.91424
2.78262
3.13537
2.6586
2.50882
2.92766
2.89531
2.90545
2.74288
2.98375
2.80315
2.55724
2.89672
2.88889
2.87122
3.02239
2.89581
2.96036
2.88436
3.52104
2.54738
2.86868
2.88059
3.93519
3.16788
2.82474
2.83734
2.60216
2.68232
2.93231
4.1818
2.52247
3.25074
2.50182
2.75592
3.05901
2.86011
4.0237
3.20297
2.8395
2.62617
2.59084
3.60733
3.39863
2.86108
2.91797
2.86285
2.34431
2.72251
3.07071
2.8126
3.58141
2.50643
2.53809
2.78744
2.52149
3.51403
2.10591
2.46361
2.67053
1.95026
2.30126
2.88134
2.87351
2.85203
2.7266
2.7052
2.86186
2.82287
2.96209
2.38451
2.77784
2.31037
2.6466
2.67629
3.02017
2.86254
2.9677
2.79051
2.64772
2.84665
3.09017
2.50536
3.14036
2.32109
3.01906
2.77348
1.9449
2.55104
3.81935
2.84546
2.54455
2.85588
2.44539
2.83374
2.79176
3.73112
2.30644
2.20615
3.41882
3.38502
2.65331
2.88169
3.02573
2.96064
2.17216
3.17075
2.94879
2.02904
2.94106
3.40737
2.85737
2.54517
2.87486
2.81355
2.33447
2.85741
2.71252
2.74119
3.72661
2.01347
2.80248
2.54785
1.87727
2.55822
2.93502
2.82403
2.21329
2.63331
2.99293
4.35475
3.40029
2.20523
3.53854
2.89468
2.95991
2.97379
2.7822
2.84414
2.58399
3.34655
3.44432
2.77053
3.48001
2.88922
2.81383
3.06702
3.34422
2.94479
3.54017
2.88842
2.94058
2.44068
2.95998
3.56873
3.30485
2.77024
2.77823
2.79826
2.93162
2.73432
3.34455
2.64013
3.00293
2.82967
3.39843
2.66344
3.47054
2.79202
2.89496
2.77646
3.2005
2.88709
3.08068
3.48857
3.80639
3.01226
3.83404
2.72843
4.18491
2.79613
2.89636
3.27111
2.89219
2.94894
3.62265
2.7609
2.71385
2.85732
2.83499
2.81687
2.47395
3.18124
2.80361
2.90829
2.79668
2.7106
2.09089
2.52753
2.33867
3.03076
2.36378
2.55991
2.88531
2.68713
2.60437
2.79608
2.82167
3.25935
2.99686
2.80724
2.31284
2.54504
2.57586
2.69064
2.7943
2.73146
2.74721
2.83863
3.61732
3.29498
2.81906
2.7874
2.95762
2.72355
3.32899
2.7532
2.5697
2.55091
2.46138
3.53385
2.49596
3.23413
2.71851
2.51703
3.09435
2.76389
2.77566
2.55802
2.4984
2.86571
2.86729
3.46718
2.51855
2.7391
3.98122
2.33153
2.84744
2.81869
2.82241
3.14079
2.838
2.63546
2.77527
2.82968
2.79685
2.85591
2.85474
2.78179
2.62529
2.44843
2.98124
2.84877
2.263
2.829
2.85385
2.46016
2.74438
2.7538
2.37739
2.4438
3.10173
2.83341
3.5543
3.63596
2.77448
2.90681
2.96092
2.98039
2.323
3.034
2.60364
2.67172
2.58199
2.46163
2.60392
2.64551
2.67908
2.82962
2.88171
2.60295
2.66938
2.78356
2.79153
2.78281
2.85339
2.39562
2.69246
2.90352
2.70448
3.26952
2.8575
3.23485
2.38024
2.86869
2.60961
2.757
2.86741
2.7949
3.27846
2.80199
2.50885
2.72592
2.68442
2.72521
4.14156
2.96137
3.35134
3.37354
3.14916
2.51612
3.22007
2.63451
2.8953
2.8142
2.80785
1.8343
2.7076
3.14775
2.84791
2.78457
2.83277
2.357
2.67917
2.48624
2.80865
2.93099
2.84045
2.15933
2.82115
2.77585
2.87171
2.85567
2.77582
2.31734
2.69236
2.81788
1.99239
3.92172
2.04068
2.50024
2.74982
2.83501
2.60242
3.26336
3.07294
2.77508
2.85878
2.07493
2.7623
2.786
3.21282
1.90793
2.93231
3.10767
3.19994
1.95495
2.79458
2.67477
2.33055
2.71576
2.74759
2.88059
2.98901
3.67889
2.85696
3.1841
2.75942
2.78672
3.12392
3.2723
2.45229
3.01297
1.72686
2.87921
2.8023
2.79426
3.57802
3.28653
2.46653
3.50167
2.70471
2.80091
3.18426
2.85272
2.73338
2.3647
2.87171
2.84342
2.70913
2.88155
2.3293
2.7705
2.74748
2.72811
2.83527
2.84654
3.49458
2.65084
3.27846
2.79596
3.10866
3.5076
2.76774
2.8792
2.62496
3.44733
2.71757
2.8375
2.84518
2.72436
2.79147
2.82722
2.87956
2.8479
2.94938
2.96682
2.5597
2.33699
3.2087
2.47588
2.66913
2.63284
2.89419
2.8161
2.75011
2.97469
2.82755
2.83115
2.67397
3.57988
2.52684
2.80705
2.65263
2.9081
3.13959
2.86958
4.21087
2.63375
2.63604
2.78732
3.33289
2.77217
2.74424
2.4079
2.95632
2.69451
2.49034
2.11558
2.8817
3.13109
1.88078
2.54764
2.82033
2.59659
2.83079
2.85988
2.47716
2.57641
2.79296
2.72423
3.40097
2.92902
2.81541
2.83218
2.89671
3.19608
2.82921
2.83022
3.36124
3.95296
2.80372
2.7606
2.47108
2.80478
2.75371
2.14647
3.15186
2.90599
1.61438
2.56023
2.70423
2.79992
2.45794
2.8666
2.13906
2.96438
2.71762
2.4931
2.92107
2.82078
3.93181
2.72975
2.85475
2.54443
2.83799
3.66303
2.57922
3.03871
3.08635
4.4398
2.73313
2.81848
3.21544
2.70986
3.99645
2.82935
2.8758
3.00751
2.74041
2.54658
2.49438
2.79758
1.90536
3.37807
2.63902
2.96054
3.02414
2.84207
2.91027
2.76922
3.00174
2.82651
3.7043
2.88429
1.6032
3.01093
2.39445
2.77751
3.40449
2.70787
2.63151
2.81344
2.31151
2.14039
2.88312
2.92054
2.66455
2.55895
1.97023
2.7512
2.81845
2.79815
2.8214
2.67191
2.81231
3.05684
2.51236
2.87369
2.43227
2.83504
2.82282
2.51968
2.72349
3.07087
2.8004
2.84804
2.86197
2.69111
2.51459
2.77947
2.8395
4.1255
1.68775
3.36298
2.83939
2.71566
2.77802
2.51211
3.09468
3.34927
2.34735
2.76491
1.93603
3.12274
2.48665
2.32422
2.8117
4.14368
2.98856
3.504
2.65024
2.84007
4.3117
3.09318
2.8571
2.86437
3.00331
2.94628
3.28344
1.87687
2.8267
2.86172
2.61407
2.8492
3.24259
2.57437
2.26434
2.00514
2.76344
2.86571
2.3486
2.84423
2.76787
2.85042
2.77547
2.61474
2.79267
2.90083
2.85786
3.8495
3.23818
2.86094
2.83944
2.55634
2.39935
2.24118
2.87912
2.10245
2.89696
2.81893
2.80956
2.71789
2.76936
2.63818
2.84316
2.88758
2.7145
2.25436
2.60304
2.63543
3.90409
2.92795
2.58896
2.84218
3.47817
2.44116
2.67476
2.99847
2.78241
2.94741
2.77149
2.95029
2.12606
2.82846
2.85775
2.85763
2.91189
2.32651
2.93115
2.91264
3.10264
2.79848
2.59412
2.31014
2.73666
3.51681
2.7321
1.89852
2.82941
2.96095
3.26837
2.65141
2.78125
2.7493
2.58622
2.89024
2.83664
2.82968
2.68736
3.03031
2.78173
2.99912
2.83403
2.84105
3.00288
2.57777
2.18471
2.83779
2.65333
2.76592
2.88857
2.19997
2.64961
3.02852
2.09293
3.67012
2.72198
2.78398
2.59446
3.18036
2.54932
2.74301
2.8247
2.91034
2.86072
2.63257
2.30135
2.55635
2.3878
2.61915
2.77243
2.74025
2.71089
3.28764
2.94154
2.64964
2.96608
2.78872
2.7343
2.81554
2.45611
2.86404
3.77287
2.7522
2.77934
2.865
2.90381
2.55817
2.58188
2.8264
3.41461
2.83916
3.15531
2.88832
2.86564
2.90025
2.72431
2.84903
2.85587
2.81546
2.81346
3.05098
2.8202
2.70988
2.98933
2.85633
2.71701
3.8276
2.5149
2.84931
3.70491
3.06787
2.40763
2.80246
2.71561
2.69896
2.83736
2.48207
2.8243
2.86195
2.8087
3.01966
2.84817
2.80868
2.42423
2.84472
2.69557
2.76752
3.09598
2.52474
2.68873
2.59783
2.81738
2.68029
2.87642
3.53024
2.52261
2.92961
2.85143
2.83364
2.79873
2.60525
3.2202
3.21385
2.50029
2.76464
3.17075
2.81475
2.59249
3.23053
2.8381
3.38302
3.75408
2.85905
2.00421
3.02385
2.37898
2.85478
3.22896
2.28453
3.03683
2.46742
2.60968
2.93915
2.20162
2.57487
2.35591
2.87107
2.08336
2.37878
3.18336
2.78174
2.96827
2.84713
3.00631
3.39547
2.86657
1.79884
2.50032
2.81878
2.79628
2.82228
2.8668
2.88623
2.94866
2.80251
2.99372
2.62145
2.84674
2.94065
2.64445
2.66496
1.65111
2.72897
2.61936
2.91104
2.85396
2.17897
2.40741
4.1011
2.37441
2.12371
2.84372
2.85162
4.096
2.23167
2.83406
3.27079
2.74374
2.81548
2.59165
2.69941
2.91412
2.92951
3.60446
2.56914
2.77467
2.63229
2.75487
2.62999
2.80644
2.82003
2.53569
2.04692
3.28243
2.83144
2.87418
2.88442
2.39052
2.68016
2.55692
3.4702
2.74878
2.48838
3.09329
2.69968
2.72703
3.20824
2.80868
3.07657
2.81105
2.79382
2.65967
2.81117
2.99718
2.50892
2.96569
2.747
2.60648
2.82371
2.71531
2.83522
2.73305
2.09845
2.77512
2.50798
2.73919
2.78251
2.95623
3.00752
3.62499
2.82373
1.84812
2.72285
