5.50889
7.48497
9.1352
7.14425
6.50296
7.14543
5.46831
6.86756
6.97472
7.00662
8.25073
6.46036
7.13217
7.04936
7.21236
5.51762
7.08391
9.04547
6.53345
7.35612
7.33413
6.99976
7.39793
8.53436
6.932
5.81455
6.81246
4.32809
6.63515
6.91917
6.98172
6.74352
5.17461
6.70327
7.08842
7.04506
6.98647
7.16261
6.8833
6.87775
7.09393
7.05793
6.70632
6.66277
6.73476
4.84348
6.36252
7.62043
6.89272
7.14438
7.06261
6.88177
7.10686
7.79233
6.7748
6.95786
7.22456
6.37501
6.8027
6.90263
5.87021
6.76902
7.14354
6.16408
7.10166
6.83175
6.83801
6.86923
7.33475
6.8476
6.37392
7.14545
5.22967
7.04192
7.12204
7.08202
7.25448
5.58968
6.09581
6.42336
7.03709
4.96459
6.49694
7.14137
7.65292
6.48216
5.71854
7.43155
6.92634
6.34236
7.00548
5.24115
5.95273
6.76249
4.95229
6.99489
6.80185
7.33932
6.74964
6.41428
7.15913
6.87786
7.14627
6.64303
7.04801
7.02044
6.23638
6.86696
6.8602
6.87646
6.95083
6.88938
7.04593
7.03545
7.85848
6.18587
7.10098
6.82366
9.65707
6.81755
7.05717
6.87308
6.60533
6.86481
7.50542
11.4516
6.45938
7.31568
6.3869
6.93681
7.33782
7.01949
10.4219
7.88688
7.02463
6.80566
6.70674
8.77368
8.6596
7.0772
6.94869
7.0875
6.03294
6.89795
6.84277
6.93447
8.65352
6.61826
6.51594
7.01903
6.44235
8.4991
5.37161
6.44787
6.76422
5.01511
5.79437
7.3216
6.86271
7.00972
7.00687
6.80268
7.03145
6.89049
7.08658
6.18598
7.08383
5.87866
6.67513
6.90902
6.9128
6.78884
6.91228
7.03654
6.93778
7.15579
7.82338
6.57156
7.34376
5.87173
7.39198
7.07984
5.17737
6.5267
9.04329
7.02302
6.69801
7.2044
6.5071
6.73388
7.21447
8.6821
5.91461
5.56359
8.17783
7.62939
6.75607
6.93591
7.39233
7.23214
5.77921
7.0653
7.54177
5.33045
7.12226
7.78698
7.2334
6.79542
6.4391
6.80115
6.0499
7.12074
6.40081
7.06635
9.57331
5.35364
6.97173
6.22598
4.94539
6.27842
7.09943
6.86386
5.63958
6.50456
6.74425
11.4978
7.60259
5.52529
8.67515
6.99363
7.03147
7.11461
6.72139
7.13932
6.4954
7.94342
7.57351
6.76169
8.32496
7.17681
6.73984
6.75403
7.27532
7.1388
8.35066
6.64284
7.04899
6.22806
7.32827
7.73713
7.51195
6.78054
7.29391
6.86255
7.19691
6.81634
7.20301
6.61056
7.09297
7.01178
7.51923
6.86189
7.49622
7.32468
6.83614
7.16786
7.44076
7.44241
6.7674
7.77015
8.8292
7.32252
8.8491
7.00982
10.6421
7.20012
6.8491
7.43302
6.80565
7.26798
8.97706
6.90571
6.61946
6.78229
7.14191
6.82117
6.35886
7.19616
7.28219
6.7696
7.47177
6.87963
5.42
6.80937
6.07424
7.90328
6.14801
6.67339
7.01555
6.97909
6.70313
7.14285
6.95234
7.37327
7.50824
7.10461
6.10909
6.69677
6.9294
7.10232
7.13878
6.84294
6.91391
6.90988
8.60827
7.65196
7.04358
7.05436
7.23665
7.01724
7.66052
6.97111
6.72216
6.85398
6.38719
8.46163
6.65907
7.42275
6.96848
6.63442
7.781
6.98143
7.03366
6.53817
6.50954
7.3376
7.56644
7.77708
6.63412
7.16672
10.9713
6.15483
7.29607
7.10055
6.96103
7.2317
7.12333
7.07889
7.22573
7.10019
6.83691
7.07576
7.37291
7.25852
6.68502
6.30708
7.62827
7.00248
5.85775
7.23164
7.54838
6.4537
7.13815
7.28381
6.34882
6.44744
7.33383
7.1452
8.32443
8.9939
6.85706
7.27332
7.01475
7.0253
5.9488
7.17956
6.47699
6.78601
6.82514
6.61719
6.58785
6.88406
7.00815
7.42878
6.84774
6.62757
6.98011
7.17852
7.31539
7.13489
7.14641
6.5137
6.98599
7.47159
7.08348
7.82239
7.45327
7.39264
6.43974
7.01218
6.71977
6.89314
7.41962
7.19028
8.0434
7.24869
6.43667
7.07906
6.95884
6.77575
11.3051
7.22084
8.43118
7.70946
7.9579
6.77503
7.59173
6.9845
7.12138
6.82223
7.16128
5.08395
6.85369
7.66195
6.94044
7.02617
6.92973
6.18219
6.78773
6.49236
7.34601
6.73622
6.89695
5.70028
7.2099
7.31831
7.3395
7.31376
7.35375
6.06429
7.10047
6.87662
5.37801
10.2364
5.3737
6.64503
7.28863
7.53528
6.96311
7.46348
7.21476
7.0866
7.13409
5.54301
6.91817
7.14352
8.29034
5.19321
6.74205
7.08326
7.43082
5.01175
7.07828
6.86848
6.01867
7.17582
6.59032
7.02805
7.1178
8.84586
7.50981
7.71668
7.15846
7.04065
7.38097
7.70327
6.43265
6.99771
4.67956
7.27656
7.35325
7.02848
8.31048
7.47572
6.65507
8.15652
6.88115
7.24066
7.79999
7.16646
6.95518
6.30292
7.34495
7.42636
6.90827
7.54639
6.13931
7.1739
7.18781
6.93938
7.06578
7.1286
8.82966
6.94897
7.53231
7.23081
7.22998
8.89606
7.12025
6.78803
6.86502
8.62214
7.00752
7.22538
7.46856
7.13634
7.29202
7.3816
7.0208
7.38065
7.53432
7.24742
6.92845
6.117
7.7245
6.46592
6.80913
6.60119
6.95108
7.1706
6.8623
6.99367
7.2022
7.09017
7.01621
9.19118
6.54936
7.18749
6.82903
6.75871
7.60105
7.50496
12.023
7.0902
6.84311
7.01161
8.08485
6.88263
7.04655
6.28062
7.24954
6.97884
6.64375
5.85633
7.04056
7.40414
5.01688
6.87797
7.05334
6.80834
6.90416
7.37988
6.47305
6.66101
7.23529
6.9946
7.70087
7.21972
7.1411
7.25167
7.11417
7.23023
7.3019
7.36158
8.89625
10.2311
7.16271
6.94589
6.53743
7.14352
7.11344
5.92878
7.32858
7.40177
4.35395
6.73712
6.92963
7.14875
6.46011
7.03824
5.69996
6.95234
6.98468
6.60806
7.64228
7.31498
10.4161
6.95755
7.16086
6.63457
6.86419
9.34436
6.57275
6.89575
7.80677
12.9544
7.20065
7.12577
8.05452
7.13559
10.1802
7.33624
6.91189
7.16785
6.96413
6.77452
6.74615
7.35831
5.05191
7.7001
6.90525
6.80098
7.56891
6.94981
6.99669
7.15591
6.88968
7.06372
9.00359
6.88038
4.18918
7.23879
6.44409
7.18823
7.72227
6.96334
6.74435
7.20601
6.12633
5.74406
7.3854
7.23385
6.89303
6.63413
5.21158
6.76405
6.89921
7.48149
7.09653
6.86047
7.01456
7.40394
6.7063
6.99298
6.13592
7.12959
7.01701
6.38027
6.90525
6.72413
6.90051
7.11023
7.09802
6.72755
6.31171
7.2764
7.13024
11.1862
4.39322
8.47988
7.08214
7.15678
6.86892
6.51249
7.76314
7.44234
6.07013
7.06613
5.0238
7.23629
6.22652
5.9831
6.93352
11.3647
7.18065
8.92269
6.76916
7.05848
11.8144
7.22307
7.18258
7.54535
7.18384
6.76091
7.28205
4.94605
7.30759
6.83499
6.8388
7.09647
7.44606
6.72883
5.95669
5.16964
7.06677
6.99267
6.20546
7.18009
7.157
6.77596
6.83511
6.60977
7.11119
7.31846
6.80932
10.2589
7.34935
7.3387
6.76436
6.69978
6.14419
6.05479
6.85811
5.37832
6.71974
7.18559
7.17942
6.95751
6.7928
6.77276
7.06832
7.27765
6.59435
5.94278
6.49355
6.5517
9.81425
7.16633
6.81149
7.03347
8.4542
6.00161
7.08335
7.04701
6.82914
7.15276
6.94802
6.86429
5.58276
6.86849
6.89586
7.20831
7.31937
5.9544
6.96811
6.8048
7.01256
6.95652
6.73705
6.05913
6.94289
8.39447
6.90149
4.88343
7.04733
7.06425
7.3068
6.69086
7.08269
7.0347
6.65017
7.30915
7.30423
6.96779
6.99707
7.20101
6.99256
7.1478
6.91085
7.37168
6.96893
6.58392
5.69809
6.95123
6.79913
6.97616
7.3394
5.73192
6.72493
7.35395
5.29299
9.29832
6.95361
6.77017
6.81421
7.73048
6.49067
6.9606
6.81011
6.79824
7.25154
6.4348
6.18747
6.54729
6.48885
6.60945
7.24539
6.98264
7.0689
7.55568
7.07168
6.75082
7.211
6.75708
6.89575
6.85756
6.36217
7.14819
9.25041
6.88658
6.91485
6.97152
7.4088
6.71079
6.57474
7.0972
8.01119
7.42315
6.99566
7.21174
7.2999
7.26988
6.88181
7.18643
7.11345
7.30693
7.05131
7.40389
7.29911
6.90165
6.823
6.8789
6.78531
9.56767
6.39298
7.3221
9.09405
7.35341
6.26403
6.83465
6.94867
6.72368
7.06436
6.60968
7.32024
7.37669
6.673
7.24528
6.97359
6.97708
6.31933
7.00613
6.79561
6.77444
6.99171
6.4046
6.79514
6.61312
6.79739
6.92486
6.90428
8.62832
6.62581
7.43676
7.00631
7.114
7.30406
6.76091
7.23951
7.54637
6.63697
7.16191
7.18497
7.22268
6.51269
8.41617
7.0807
8.48044
9.37202
7.239
5.28121
6.86948
6.27149
7.28088
7.86354
6.05387
6.84724
6.47981
6.72248
7.37215
5.48826
6.69376
5.97604
6.86148
5.20047
6.33477
7.85779
7.29608
7.08282
7.04516
7.15535
8.36967
6.99804
4.65731
6.58026
7.41161
7.14395
7.06154
7.08471
6.66535
7.53397
7.35312
7.32615
6.72069
7.04304
6.85797
6.79488
6.85893
4.53144
6.70192
6.90404
7.0696
6.98753
5.40877
6.2033
10.9561
6.04119
5.35238
7.2015
7.27437
10.6094
5.73222
7.26478
8.16797
6.83407
6.94812
6.51101
6.92206
7.12362
6.80797
8.28978
6.59377
6.85231
6.82121
6.78579
6.81077
7.3184
6.91293
6.45213
5.21427
7.39119
7.13901
7.56939
6.99814
6.23949
6.74907
6.87024
8.56639
7.05822
6.43189
6.97682
6.74306
7.03751
7.28793
7.08531
6.96737
6.76936
7.02064
7.02924
6.87547
7.27642
6.3497
7.37292
6.88576
6.80473
6.98459
6.90771
7.06767
7.00636
5.2929
7.19281
6.59636
6.76107
7.13775
7.16546
7.18127
9.16236
7.31802
4.77815
6.81838
