0.415522
0.445839
0.414085
0.429393
0.404408
0.403539
0.401365
0.408316
0.444369
0.404943
0.455095
0.394832
0.404973
0.411765
0.438309
0.396857
0.41376
0.404933
0.412993
0.401996
0.400211
0.407616
0.392847
0.410285
0.411844
0.419095
0.421735
0.410388
0.426578
0.420672
0.439256
0.409876
0.394487
0.41912
0.406949
0.414709
0.390616
0.435342
0.387991
0.420475
0.401453
0.402769
0.40825
0.406871
0.411744
0.379696
0.410375
0.438295
0.418225
0.399254
0.413159
0.452835
0.404707
0.433477
0.39439
0.412999
0.406382
0.409608
0.411061
0.405394
0.409982
0.426345
0.401377
0.398192
0.408888
0.405835
0.4279
0.416061
0.433072
0.426389
0.391022
0.429482
0.397859
0.462151
0.406257
0.414866
0.404157
0.421207
0.395723
0.427821
0.400645
0.402445
0.385765
0.470904
0.423558
0.423653
0.417763
0.439555
0.424654
0.419789
0.411205
0.388892
0.403335
0.388538
0.404926
0.416624
0.409098
0.427202
0.393888
0.39113
0.408941
0.42096
0.406569
0.412895
0.423347
0.399284
0.410052
0.421834
0.421108
0.417543
0.434824
0.42033
0.420151
0.409975
0.448056
0.411806
0.403984
0.422148
0.407493
0.464665
0.400265
0.412819
0.393949
0.390734
0.390692
0.36517
0.390513
0.444352
0.391712
0.397289
0.416883
0.407453
0.386082
0.406114
0.40422
0.38588
0.386304
0.411154
0.39247
0.404267
0.419931
0.403929
0.388585
0.394684
0.448753
0.405597
0.413868
0.378714
0.38952
0.397126
0.391393
0.413459
0.392044
0.382081
0.394802
0.388877
0.397155
0.39354
0.418713
0.406868
0.389132
0.397667
0.407008
0.409676
0.417986
0.385471
0.392138
0.393009
0.396487
0.387362
0.436895
0.421653
0.429337
0.396575
0.381638
0.397811
0.394992
0.381242
0.427623
0.395298
0.408424
0.391744
0.375653
0.390862
0.422341
0.405162
0.379896
0.396408
0.375804
0.420819
0.386966
0.429749
0.389956
0.396534
0.41806
0.443682
0.39273
0.415474
0.409307
0.409373
0.375857
0.448777
0.390994
0.380651
0.41294
0.437573
0.395024
0.374542
0.446469
0.413688
0.385869
0.40128
0.423777
0.387922
0.389271
0.376093
0.401978
0.409228
0.379601
0.407462
0.413417
0.411434
0.392457
0.404841
0.443775
0.378747
0.447254
0.399116
0.407894
0.413902
0.420952
0.417984
0.413932
0.398376
0.397819
0.421299
0.454785
0.409739
0.418021
0.402577
0.417492
0.454102
0.459666
0.412505
0.423939
0.434817
0.417163
0.391884
0.403912
0.461248
0.439945
0.408558
0.380897
0.407758
0.407344
0.401142
0.464327
0.399381
0.423368
0.40356
0.451965
0.38815
0.462972
0.381179
0.423479
0.387348
0.430131
0.387924
0.455224
0.44897
0.431114
0.411369
0.433269
0.38923
0.39324
0.388345
0.422881
0.440078
0.424968
0.405744
0.403545
0.399799
0.409981
0.421291
0.396951
0.41296
0.389055
0.442075
0.384995
0.42961
0.3743
0.394004
0.385773
0.371184
0.385015
0.383482
0.384479
0.383599
0.411274
0.385026
0.38853
0.391451
0.40586
0.442049
0.399142
0.39513
0.378589
0.38004
0.37173
0.378839
0.391426
0.399164
0.397345
0.410808
0.420215
0.430606
0.400231
0.395132
0.4087
0.388122
0.434564
0.394945
0.382273
0.372179
0.385362
0.417632
0.374821
0.435705
0.390115
0.379389
0.39768
0.395891
0.394625
0.391243
0.383806
0.390552
0.378949
0.445821
0.379635
0.382198
0.362875
0.378813
0.39027
0.396967
0.405458
0.434308
0.398409
0.372298
0.384082
0.398536
0.409081
0.403619
0.387193
0.383244
0.392713
0.388203
0.390814
0.406824
0.386325
0.391198
0.378075
0.381201
0.384467
0.378072
0.374462
0.379035
0.422934
0.396548
0.426972
0.404269
0.404616
0.399654
0.422099
0.424236
0.390499
0.422589
0.401983
0.39371
0.378306
0.372005
0.395261
0.384295
0.382281
0.3809
0.420827
0.392746
0.382426
0.387762
0.381597
0.390028
0.399276
0.367782
0.385408
0.388608
0.381801
0.417969
0.383389
0.437577
0.369617
0.409101
0.388348
0.399962
0.386463
0.388705
0.407597
0.386551
0.389775
0.385068
0.385757
0.4022
0.366346
0.410114
0.397494
0.437585
0.395728
0.371381
0.424155
0.377194
0.406564
0.412504
0.392088
0.360802
0.395057
0.410828
0.410336
0.396314
0.408785
0.381256
0.394708
0.382949
0.382337
0.435108
0.411841
0.378812
0.391288
0.379302
0.391268
0.390451
0.37747
0.382128
0.37918
0.409777
0.370471
0.383116
0.379753
0.376257
0.377275
0.376231
0.373744
0.437244
0.425924
0.391596
0.400721
0.374333
0.399282
0.390003
0.387538
0.36739
0.434928
0.438735
0.430631
0.390073
0.394811
0.389427
0.387221
0.37846
0.416913
0.409871
0.419935
0.415888
0.380431
0.412626
0.385477
0.395804
0.42324
0.424794
0.381226
0.430565
0.369022
0.395683
0.381097
0.397563
0.430543
0.439627
0.370624
0.429309
0.393061
0.386831
0.408239
0.398065
0.392999
0.375175
0.390978
0.382882
0.392157
0.381845
0.379407
0.386192
0.382241
0.393135
0.401267
0.399313
0.395778
0.381473
0.435253
0.386673
0.429968
0.394287
0.388714
0.424159
0.382367
0.399823
0.387807
0.392712
0.380955
0.381759
0.382811
0.383009
0.410147
0.385861
0.39146
0.409362
0.369448
0.382048
0.415393
0.382912
0.391993
0.398843
0.416366
0.392728
0.400757
0.42534
0.392596
0.399307
0.381113
0.389491
0.385815
0.390546
0.388435
0.430274
0.413047
0.382358
0.350236
0.371463
0.385211
0.397529
0.412239
0.402778
0.389444
0.383386
0.407794
0.386097
0.374839
0.361246
0.4093
0.422884
0.374891
0.370405
0.399858
0.381383
0.410012
0.387524
0.382689
0.38679
0.386019
0.389476
0.441634
0.405697
0.394255
0.390556
0.407174
0.442044
0.387462
0.384458
0.377827
0.386368
0.391433
0.397444
0.37799
0.392633
0.387114
0.362042
0.430078
0.392607
0.370786
0.380019
0.390241
0.391666
0.38048
0.40729
0.375277
0.426386
0.389083
0.377281
0.382225
0.385617
0.377476
0.392343
0.39866
0.383511
0.413449
0.392004
0.392411
0.440664
0.395342
0.342725
0.379567
0.395533
0.399209
0.379766
0.39257
0.385667
0.416065
0.419583
0.393503
0.375906
0.369748
0.380194
0.377156
0.438704
0.382176
0.435311
0.399548
0.408942
0.41595
0.386983
0.435686
0.400145
0.411424
0.419206
0.382699
0.415943
0.371573
0.386397
0.440866
0.388875
0.39018
0.39043
0.377307
0.372627
0.390381
0.403732
0.386557
0.385725
0.378049
0.406739
0.408518
0.37401
0.397575
0.389465
0.400925
0.412867
0.374626
0.410939
0.396399
0.397644
0.402283
0.394918
0.394409
0.456694
0.405825
0.400555
0.403207
0.400013
0.398401
0.381984
0.398233
0.368803
0.384173
0.396584
0.400923
0.379453
0.404433
0.385737
0.398638
0.450029
0.386705
0.39129
0.385371
0.431539
0.399364
0.388464
0.405522
0.364611
0.416196
0.392707
0.391517
0.402362
0.364954
0.428236
0.397782
0.379621
0.418065
0.435782
0.450895
0.379469
0.386817
0.418687
0.382241
0.401496
0.435477
0.382588
0.380134
0.387869
0.391047
0.409816
0.378473
0.396128
0.386736
0.420666
0.40606
0.395588
0.392715
0.396372
0.419699
0.375236
0.440607
0.389843
0.419764
0.381555
0.390508
0.37015
0.419813
0.390913
0.431112
0.392303
0.391335
0.390641
0.407691
0.389528
0.40224
0.396773
0.41164
0.379345
0.400865
0.402252
0.397798
0.408571
0.380088
0.404093
0.411413
0.406751
0.377613
0.425495
0.407432
0.412066
0.39889
0.429803
0.380827
0.411802
0.414415
0.396436
0.397834
0.390721
0.420652
0.428028
0.442441
0.402282
0.385053
0.381265
0.394167
0.418944
0.395871
0.388768
0.401486
0.419145
0.447305
0.396274
0.392683
0.39082
0.388896
0.395428
0.388355
0.406109
0.38407
0.420818
0.397813
0.419587
0.410084
0.3854
0.430896
0.391525
0.38341
0.408243
0.390245
0.396482
0.39357
0.38381
0.393999
0.411823
0.395416
0.394708
0.391448
0.411212
0.380742
0.411405
0.392767
0.394077
0.414781
0.428102
0.394499
0.409115
0.371937
0.390445
0.367985
0.396273
0.382648
0.392437
0.383495
0.435122
0.41596
0.392492
0.411327
0.412711
0.39652
0.410575
0.38605
0.400666
0.40786
0.399647
0.401938
0.410958
0.391941
0.381203
0.392697
0.398242
0.42623
0.382473
0.451038
0.400503
0.392558
0.39894
0.395872
0.396446
0.401475
0.385313
0.398998
0.412078
0.386376
0.392642
0.438125
0.41523
0.400426
0.400056
0.393384
0.389138
0.407399
0.417204
0.384359
0.410037
0.39081
0.401411
0.401645
0.37552
0.385821
0.387972
0.420905
0.416776
0.408422
0.402558
0.383621
0.406034
0.396663
0.408523
0.442808
0.394208
0.395684
0.39283
0.41448
0.387053
0.416614
0.409145
0.380724
0.393936
0.406981
0.398319
0.383175
0.38534
0.444809
0.42588
0.376721
0.38602
0.441303
0.38971
0.398068
0.383848
0.400821
0.398921
0.400563
0.394951
0.379498
0.440187
0.379333
0.392093
0.410624
0.377367
0.443512
0.380785
0.388202
0.398683
0.401152
0.384667
0.394226
0.418433
0.400609
0.375511
0.405122
0.381265
0.419081
0.404126
0.420149
0.405688
0.409625
0.38624
0.379973
0.380319
0.391419
0.39967
0.404646
0.43302
0.391382
0.381132
0.408635
0.390057
0.404192
0.428793
0.389183
0.388539
0.364368
0.407193
0.379396
0.411769
0.408436
0.402859
0.388085
0.374322
0.393037
0.396778
0.394879
0.392009
0.386074
0.389321
0.390109
0.400441
0.40148
0.405214
0.398041
0.389972
0.409078
0.430307
0.434808
0.389631
0.404925
0.385898
0.405976
0.386151
0.383478
0.407935
0.393
0.392561
0.444101
0.396615
0.379711
0.412169
0.383127
0.397115
0.372174
0.405095
0.389444
0.386882
0.443367
0.400364
0.387499
0.440212
0.396409
0.441568
0.41526
0.397944
0.378372
0.408869
0.411903
0.395124
0.402241
0.398939
0.383039
0.404277
0.393084
0.401154
0.390081
0.396465
0.385819
0.380206
0.405142
0.38983
0.412567
0.4188
0.395639
0.38586
0.386785
0.399339
