5.16933
5.25911
6.42827
6.12489
5.35227
6.40303
5.79261
5.06464
5.42113
5.03372
4.64853
5.1258
5.01232
5.23782
5.94664
5.20589
4.9693
4.44207
5.90786
6.29571
3.67489
7.09828
4.65398
5.97217
6.05441
5.12208
5.2056
3.79714
4.66955
5.0794
5.45285
5.63176
5.2017
4.8518
5.25809
4.52486
5.56967
4.58829
3.35076
4.34085
5.94679
5.22649
5.43231
4.52077
5.92971
2.96671
6.75575
5.52832
5.095
4.82874
3.82949
5.03442
5.32322
6.96836
5.52157
4.73765
6.02582
5.96096
3.67449
3.14357
2.82792
5.10751
5.1857
4.81643
5.5407
5.55149
5.01318
4.91115
5.55814
5.24009
7.63697
5.00776
4.99181
3.43677
4.02218
5.94865
3.12215
5.2501
4.43431
5.37319
6.36553
3.29353
5.26378
5.5379
5.16056
5.25236
5.22414
4.12381
5.51486
2.7946
3.14592
5.24461
5.23538
5.68958
3.62657
5.84402
4.91136
5.25233
4.31249
5.16274
5.6938
4.59259
4.89616
5.75001
5.17184
6.04491
3.73492
5.79614
5.19127
3.90808
5.24146
4.91737
5.37608
4.63315
5.18587
5.73234
5.20739
5.2194
6.8228
5.28128
5.28762
3.87995
6.18573
2.63133
4.72799
4.07723
5.23298
4.23412
3.81361
4.02066
4.90891
5.23092
5.27232
4.86833
3.30005
5.1671
3.3191
4.11442
4.87442
5.24924
5.0062
4.3516
5.07726
4.13292
5.3123
4.00443
5.40341
4.40794
3.21218
4.07247
5.28414
5.53223
4.30982
6.96937
2.9958
2.86555
4.27562
5.08853
5.62003
5.30777
5.0785
3.23318
3.74983
4.99392
5.05237
5.82667
5.65934
5.38457
3.08309
5.95075
5.07751
5.25161
5.58421
5.07565
6.3864
5.30328
5.31901
4.99491
5.47917
6.50796
6.00741
5.81603
2.77674
5.11598
5.70911
4.72451
5.03003
4.20219
3.5625
5.1008
5.63918
5.90933
5.56737
5.0098
4.65949
4.8669
6.13778
5.7221
2.7627
3.75823
5.22058
5.02759
5.45944
5.11705
5.27526
5.68953
5.63846
4.83228
5.17495
4.30633
5.9528
5.61223
5.65079
5.29942
5.06824
6.07721
3.13371
3.09604
5.99102
6.10186
5.13714
5.47517
5.51985
5.14566
4.6768
5.90535
4.95254
5.11509
3.89807
4.67919
5.00376
4.71381
3.7868
4.36231
5.57662
4.52676
5.28675
5.33353
5.40071
6.11912
6.0396
3.66687
5.40054
4.82787
2.86872
4.66331
4.90219
6.36278
5.44618
5.40164
5.2679
5.08902
3.61755
5.12167
5.31694
3.16351
6.04748
4.57689
5.29763
5.12567
5.99873
2.81773
5.96051
5.263
4.66281
4.96988
5.17055
3.94436
3.07681
5.34666
5.08593
4.43314
2.35172
5.75762
6.16641
4.83652
6.70172
3.91764
4.98623
4.21391
5.0065
4.96407
5.61999
6.2961
5.1757
7.22852
5.15149
3.84485
3.77752
2.74987
4.23003
5.15234
4.99411
6.17693
3.02455
3.04978
5.73445
2.90675
5.29183
6.23114
5.41186
3.18652
5.23499
5.0287
4.51652
4.26077
3.69437
5.24738
3.96145
5.25746
3.56433
4.61715
4.46857
5.27601
6.46633
4.8355
4.59972
5.33728
5.01131
5.6534
5.57813
4.83495
4.82009
5.02689
5.1618
6.79966
6.20514
6.15888
5.30113
5.46439
3.75296
4.97037
4.9076
3.04327
5.14661
5.45911
5.42354
5.17323
3.89716
5.27793
3.31568
4.5639
4.99386
5.32881
4.99116
5.5606
5.87691
4.58445
2.81684
5.04833
5.85045
6.8909
5.60087
5.15712
5.06733
5.33965
4.83302
3.75679
5.141
5.3668
2.89343
5.81752
7.31151
5.02594
2.6473
3.58166
4.93086
3.87375
4.2516
5.25359
4.74196
4.82886
6.65654
3.74244
3.55054
5.22606
5.22056
6.0452
4.47216
4.18971
4.87285
4.50024
4.81523
4.87157
6.54815
5.25565
5.1282
5.28508
6.00445
4.65405
3.9532
5.30785
5.27422
4.99099
5.30424
7.13706
5.31392
7.24522
4.79435
6.10989
2.46821
4.59151
7.47514
4.51131
5.60047
5.83853
4.82641
3.21847
4.37037
3.3663
3.26795
5.71429
5.358
5.96765
3.80657
6.28834
4.95317
4.29498
5.33612
5.22978
5.13157
5.3361
5.06889
5.97249
4.73331
4.99528
3.49555
4.79704
7.42568
3.34873
5.9908
4.97273
6.58558
5.26092
4.81549
3.24333
5.65669
5.25117
7.26872
4.76832
4.6875
5.15434
4.50118
5.18485
4.75212
5.56862
5.60086
7.73886
5.00655
4.52752
2.43944
4.93027
4.8419
4.98293
5.23262
5.10173
4.21299
5.31235
5.58398
4.95332
4.71382
5.13339
5.07199
4.63199
4.89072
5.94275
6.93739
4.82017
4.69627
5.23952
5.34618
3.66075
5.37178
4.86335
2.14483
5.03723
4.55699
4.75813
4.49313
5.13076
5.18064
5.41467
3.8065
6.71146
5.12761
5.82113
5.74559
2.51329
3.33567
5.10971
4.78671
6.51616
5.48568
2.86427
3.9493
7.27383
3.85128
6.21515
5.17106
7.95414
2.96758
5.2661
5.06388
4.65266
5.04853
5.32226
4.83226
6.18234
3.30212
5.44341
4.35693
5.2237
4.34235
5.55641
5.41702
4.4714
6.12476
4.07272
5.12221
5.40371
5.26157
5.15434
5.06065
5.36334
3.84929
4.6116
5.04116
7.25893
3.48065
3.65151
5.37927
4.1075
5.52075
2.35609
4.23574
5.89215
5.1382
5.33601
6.89353
3.96231
5.15712
3.44188
4.37585
4.02732
5.27904
6.72366
5.20132
5.45181
5.73005
4.34706
5.27471
5.10025
4.05622
4.80949
5.32226
5.01994
5.39832
5.01063
4.37155
6.32972
5.29927
5.50198
5.2982
4.31646
5.94914
5.27651
3.03874
4.25236
3.53312
7.32062
5.19503
6.00209
4.93065
5.32081
5.8416
3.34911
4.20749
5.22227
5.8929
3.37486
3.7794
5.25881
4.5985
3.59283
5.38472
6.0315
3.99983
4.04859
5.15103
5.34689
5.11394
4.91794
5.7447
3.35011
7.98289
4.46332
4.37933
5.5275
6.85405
4.9682
3.25908
6.00932
4.51511
5.19464
5.19931
6.81677
4.57022
3.00529
5.69101
5.36689
3.9504
4.90134
6.49732
3.88644
5.35744
3.88195
4.45473
5.53445
2.67382
5.34733
6.44277
4.64722
4.68408
5.26452
6.03131
5.02304
5.17774
4.51597
3.5741
2.39518
3.88015
4.0547
5.48072
6.99287
3.38565
4.54659
4.09588
4.87125
5.29055
6.59875
5.31225
5.29824
7.4396
2.64424
4.83915
5.31002
6.05789
5.38067
5.64202
3.46855
6.67023
5.34928
5.57792
5.37915
5.34317
3.71026
5.40953
3.8712
4.82121
6.06464
4.12955
3.56825
5.27924
5.93271
5.3197
5.7193
5.6233
5.64474
4.33249
5.43759
5.72813
3.90915
4.7082
3.71663
5.10125
2.69123
2.97101
3.79986
5.62341
6.80296
5.29351
4.75729
4.71119
5.25539
5.29211
4.15881
4.71407
5.34587
4.84703
5.37596
4.32308
5.10887
5.93339
4.91525
4.771
5.5716
5.11758
5.4687
4.8461
5.77105
3.272
5.3267
7.233
4.0088
4.76572
5.40311
5.31263
5.37703
4.18038
5.83922
5.59428
5.09494
2.92327
6.03563
4.4699
6.04669
4.71654
2.87526
5.04615
4.37189
6.00211
4.03971
5.28175
5.28206
4.40161
4.93705
4.75164
5.6928
3.50352
5.52243
5.14367
5.36774
3.66562
2.97931
5.81003
5.50458
4.86193
5.13182
5.1636
5.24107
5.44563
5.28199
4.68637
5.4184
5.36232
5.80165
5.30335
4.26637
4.58258
3.08057
6.51065
5.17903
2.81602
2.72547
5.14107
4.80146
5.33583
4.41191
5.25067
4.59827
6.38985
4.71948
5.26596
5.30264
4.07222
3.6599
5.91502
5.44003
6.266
5.18397
6.20758
5.23342
5.26508
3.30613
4.98149
5.00477
4.58707
5.26948
5.43557
6.36895
3.90253
5.39521
2.51703
5.2008
3.32111
4.21739
5.39135
5.00383
4.61913
4.71551
3.45668
5.05123
4.83102
5.26641
5.53976
7.89433
4.83575
5.47498
5.38775
5.06138
5.89503
5.25994
4.99582
5.84749
2.96231
4.96762
5.97207
4.64455
5.31166
3.89613
5.47354
5.16748
3.07994
5.44612
5.52115
5.18294
4.96425
5.49585
5.17753
4.36093
5.07082
5.52655
3.39421
6.73468
5.93957
5.31798
4.77054
5.26584
5.14032
3.60259
5.29717
5.02631
6.30502
5.0968
5.05278
3.85812
6.19008
7.02247
5.33502
6.05703
6.33219
4.17375
5.35069
5.51002
4.81936
4.12862
5.68619
2.51867
3.55652
5.91631
5.369
5.22404
5.38803
5.24753
5.09795
6.06156
3.55922
7.63064
4.85392
4.56531
4.58624
6.42432
6.54399
3.85937
7.68098
4.2922
5.03959
4.19773
5.10637
4.14564
4.54608
5.34447
5.32642
5.02129
6.01392
5.75704
5.21171
4.88113
4.04784
5.32275
6.97834
2.63317
3.43123
4.34197
4.89729
7.36874
4.15332
5.8462
5.5376
3.61383
5.64879
3.2845
6.53221
5.21733
6.01775
5.53445
5.53553
3.99783
5.84059
5.40267
4.46538
5.33039
5.5822
5.0526
2.95804
5.05482
4.56251
6.74381
6.24148
3.94781
6.73187
5.09162
6.07246
5.88538
5.41369
5.04459
5.03581
5.67625
4.81217
3.98527
5.46197
3.96397
5.38729
6.15402
4.97327
3.57975
5.17861
4.74902
4.99727
2.97265
5.4672
5.3302
4.71295
5.74624
5.31764
5.38436
5.49268
4.96844
5.03624
3.70325
6.30941
4.09883
5.0491
6.9112
5.14799
3.8136
7.17611
4.94215
5.49392
4.236
5.56219
4.70599
5.3803
3.82483
3.99054
5.28761
3.8646
2.90849
5.48187
5.17755
5.6878
3.70457
6.42897
3.58875
4.03721
5.99158
3.81891
5.00088
5.84486
5.37612
5.31092
3.58096
5.32611
3.73988
5.52756
5.35695
5.27161
7.13914
5.32944
4.85298
6.14733
4.33085
3.44094
6.4084
5.28214
3.10269
4.53471
5.10872
4.08704
5.47988
5.31252
2.40634
3.36323
3.91249
5.4367
5.82903
5.40709
5.26813
4.76333
5.33371
