6.45852
6.73876
8.17574
7.28257
6.7504
7.3162
6.73586
6.5648
6.27962
6.74224
6.10853
6.47196
6.35627
6.47626
6.94179
6.61057
6.2649
5.78515
7.12248
7.07098
4.62711
9.24985
5.75232
7.03007
7.19009
6.46742
6.58628
5.00953
5.87164
6.5076
6.28954
6.73582
6.59482
6.24357
6.55109
5.73462
6.74471
6.03785
4.24802
5.81588
6.54442
6.60647
6.70746
5.84588
7.49434
3.84303
8.52704
6.61183
6.53842
6.31084
5.09704
6.39268
6.66946
9.16016
6.33325
6.37294
6.84081
6.80537
4.8007
4.30486
3.5565
6.5756
6.63982
6.13966
6.48924
6.70511
6.35642
6.34259
6.82657
6.71672
10.3436
6.40451
6.32118
4.63849
5.1433
7.26792
3.95684
6.67892
5.73182
6.81646
7.14593
4.21617
6.54145
6.56045
6.27113
6.76083
6.56358
5.36942
7.23788
3.81357
4.02346
6.46839
6.24327
7.03736
4.56605
6.64659
6.22686
6.67727
5.45937
6.62575
6.98461
5.87569
6.46691
7.44315
6.52179
6.86115
4.95721
6.86115
6.52737
5.15149
6.44866
6.25592
6.713
6.05829
6.41422
6.86841
6.65404
6.39863
8.45031
6.40303
6.50619
5.08246
7.01221
3.37096
6.07208
5.28997
6.61904
5.51143
5.06809
5.08383
6.3035
6.56057
6.44843
6.21248
4.25835
6.59743
4.21154
5.16358
6.10917
6.45414
6.54149
5.37338
6.5884
5.13452
6.79975
5.02147
6.81737
5.65994
4.02838
5.22879
6.44548
6.78705
5.51294
9.00516
3.77732
3.70232
5.42522
6.5438
6.44489
6.59414
6.44882
4.34947
4.93565
6.44795
6.47914
7.28688
6.82676
6.77103
3.93709
6.89435
6.51225
6.71147
6.83094
6.61695
7.38233
6.84306
6.41509
6.30589
6.84275
7.81214
6.7427
6.79894
3.52813
6.61554
6.85579
6.25446
6.57158
5.28182
4.68923
6.3164
6.84339
6.72311
6.40398
6.36581
6.049
6.379
6.95784
6.82287
3.70569
4.99109
6.76706
6.3899
6.4586
6.54814
6.43908
6.42896
6.83493
6.17412
6.41709
5.4144
6.80966
6.7312
6.33235
6.35947
6.24199
6.74736
3.99902
4.11341
7.80288
6.84114
6.48051
6.36997
6.85093
6.54179
6.17604
6.95945
6.25641
6.55287
4.92353
6.09741
6.3011
6.26473
4.74866
5.50271
6.25504
6.16117
6.70793
6.30214
6.42229
7.01429
7.47123
4.67197
6.76222
6.18647
3.65396
6.16072
6.37274
8.03104
6.69504
6.89811
6.72371
6.60535
4.75011
6.42852
6.41322
4.05403
7.597
5.98821
6.6472
6.32087
6.58491
3.76218
6.90115
6.53992
6.09129
6.34839
6.58012
5.18693
3.99592
6.76608
6.27739
5.7619
3.03019
6.8794
6.91437
6.02366
8.2977
4.922
6.45407
5.4513
6.42993
6.42674
6.97289
8.02338
6.56705
9.23214
6.30912
4.77724
4.81344
3.6838
5.31545
6.297
6.27394
7.1758
4.08775
4.15464
6.5084
3.66802
6.51275
7.01134
6.77768
4.32012
6.55666
6.37043
5.80292
5.39903
4.82208
6.33782
5.00135
6.47697
4.51137
5.91961
6.00133
6.6008
7.54051
6.21054
6.02354
6.66042
6.3694
6.32956
6.80663
6.22701
6.14938
6.35254
6.5544
8.56718
6.89434
6.94926
6.67946
6.48016
4.74102
6.31793
6.11339
3.92621
6.3491
7.00739
6.83296
6.33769
5.03754
6.64253
4.46368
5.73118
6.49128
6.46209
6.30733
6.82369
6.82746
5.8406
3.80031
6.45393
7.08616
9.05052
6.3875
6.59027
6.49964
6.64983
6.03888
5.01851
6.46144
6.43937
3.71558
6.41897
9.33005
6.61288
3.35523
4.56948
6.38718
5.18418
5.67207
6.45023
6.16441
6.05981
8.22082
4.73569
4.46259
6.67968
6.61423
6.86954
5.98626
5.50883
6.31901
5.80507
6.20161
6.27007
7.99778
6.66511
6.51218
6.43492
7.42645
6.20311
5.05323
6.80811
6.5741
6.33107
6.66217
9.31689
6.60505
9.34863
5.91659
7.555
3.09762
6.08455
9.70574
6.10457
6.63172
6.93725
6.38233
4.36834
5.57003
4.51872
4.15676
6.68732
6.7797
6.77707
5.06137
7.29037
6.21059
5.70215
6.66505
6.41296
6.47466
6.38928
6.43282
7.26436
6.16631
6.49709
4.36513
6.12518
9.80867
4.30717
7.42975
6.24896
8.1229
6.30654
6.24696
4.03844
7.03551
6.70632
9.41057
6.07366
5.87401
6.51507
5.95104
6.25641
6.15144
7.04404
6.44127
10.4103
6.22922
5.73716
3.20672
6.2348
6.21383
6.3528
6.46095
6.33031
5.40373
6.58632
6.85726
6.2698
6.1865
6.67228
6.24368
6.04466
6.14469
7.08254
8.98937
6.33388
6.00672
6.67254
6.74624
4.86203
6.76538
6.41213
2.84845
6.48748
5.89569
6.33396
5.61945
6.57398
6.38936
6.9284
4.97969
7.83864
6.21496
6.76418
6.7193
3.43569
4.14323
6.43636
6.11621
7.77903
6.85145
3.82931
5.15654
9.65872
4.83968
7.49837
6.57522
11.5829
3.94797
6.63582
6.52311
6.09375
6.46515
6.46443
6.2585
7.55139
4.12724
6.49328
5.68682
6.48463
5.67246
6.91945
6.43838
5.70451
6.83732
5.3842
6.31819
6.55014
6.48055
6.38038
6.23218
6.46882
5.03206
5.83031
6.4394
9.17781
4.51796
4.48903
6.49227
5.24516
6.25847
2.84632
5.5775
6.42057
6.51066
6.39251
8.70602
5.04313
6.5013
4.43093
5.64302
5.09975
6.68208
7.59215
6.5514
6.66839
6.7127
5.48137
6.61264
6.35156
5.333
5.76784
6.44069
6.32264
6.36112
6.38528
5.76462
7.75488
6.54451
6.77028
6.60194
5.46982
7.57229
6.68748
3.86568
5.57509
4.33665
9.36932
6.47465
6.8912
6.26283
6.62816
6.65779
4.19572
5.40581
6.60211
7.34591
4.55206
4.62225
6.56982
5.63276
4.73013
6.62943
7.01692
4.92407
5.00303
6.40113
6.59214
6.46597
6.10767
6.35517
4.18101
10.5312
5.92692
5.46376
6.91218
8.25484
6.41925
4.23078
6.70358
5.43694
6.2926
6.43729
8.03691
5.95092
3.93421
6.83626
6.73837
5.06386
6.26555
7.60137
4.77
6.39097
5.06321
5.64589
6.83111
3.4261
6.82195
7.54566
5.88404
6.2262
6.26897
6.80744
6.2496
6.56389
5.47963
4.55848
2.88768
5.01897
5.11747
6.35762
8.81501
4.2844
5.64352
5.12883
5.97036
6.67051
7.70795
6.43025
6.36413
9.9588
3.44761
5.91824
6.59834
6.93736
6.48873
6.77891
4.26733
8.14712
6.61694
6.37974
6.5267
6.3586
4.47392
6.86609
4.74897
6.36669
6.57954
5.22418
4.35295
6.49553
7.27752
6.59428
6.75539
7.0074
6.4955
5.42
6.67549
7.13473
4.9753
6.19105
4.53366
6.45542
3.32543
3.92887
4.64793
6.81107
7.90887
6.67167
6.11827
6.07049
6.46049
6.66372
5.08111
5.95208
6.39983
6.0275
6.60708
5.72328
6.35461
6.75816
5.90174
6.06019
6.49056
6.36795
6.18993
6.28246
6.81932
4.39069
6.23445
9.10794
5.09992
5.89949
6.65342
6.68326
6.60606
5.49998
6.57329
6.26785
6.48856
3.71686
7.17402
5.46954
7.08744
6.25119
3.76552
6.39009
5.2906
6.74989
5.19116
6.33751
6.34694
5.69668
6.43745
5.99608
6.85692
4.55068
6.42934
6.20927
6.78521
4.50894
3.70853
6.93688
6.30596
6.20856
6.43357
6.45026
6.55098
6.74469
6.60677
5.64936
6.39232
6.58376
6.7431
6.17035
5.47559
5.82904
4.11841
7.67887
6.63027
3.44603
3.67588
6.2976
6.2975
6.59209
5.77171
6.46209
5.78182
7.96758
5.94224
6.81768
6.58937
4.97229
4.75517
6.70042
6.57332
7.65747
6.44661
6.96367
6.41563
6.36485
4.06557
6.20988
6.4781
5.91331
6.30484
6.48294
7.0648
5.11541
6.47738
3.24887
6.48319
4.3906
5.44251
6.7126
6.35866
6.0887
5.75953
4.28511
6.49219
6.25579
6.52051
6.8382
11.0233
5.92336
6.53915
6.59409
6.29809
7.27926
6.69434
6.25722
6.54487
3.83066
6.41893
6.48557
5.91841
6.53273
5.10824
6.65261
6.31342
3.72809
6.31536
6.37038
6.49084
6.05013
6.36956
6.27576
5.55121
6.19516
6.4787
4.34658
8.26041
7.50241
6.78937
5.77952
6.60866
6.47709
4.79169
6.60809
6.45904
6.89558
6.34531
6.22866
4.85436
6.72796
8.82452
6.4252
6.55776
7.69404
5.20395
6.6303
6.84156
5.84653
5.13529
6.7053
3.41119
4.38046
6.65657
6.69134
6.52097
6.56636
6.68396
6.17653
6.72663
4.52638
10.7573
5.96046
5.96607
5.88427
8.00087
7.63173
4.74135
10.368
5.23218
6.46921
5.35051
6.39411
5.12293
5.67822
6.45703
6.57163
6.35611
6.66755
6.69335
6.63865
6.18898
5.17612
6.68204
8.21579
3.54372
4.23134
5.5525
6.16099
9.84901
5.05919
6.65119
6.36185
4.56595
6.54385
4.40003
7.63543
6.52951
7.23802
6.72963
6.53788
4.82347
6.71323
6.56377
5.60565
6.67715
6.67456
6.19272
3.97714
6.22753
5.74548
8.15819
7.19444
5.08375
7.65715
6.1419
6.75131
7.14613
6.4707
6.34401
6.44073
6.70429
6.27047
4.87411
6.77143
4.8643
6.44554
6.8762
6.10499
4.41133
6.55347
6.10602
6.41799
3.93671
6.3679
6.22454
5.89795
6.32871
6.5651
6.58714
6.70937
6.11968
6.52013
4.68737
7.16277
5.28042
6.47868
8.42069
6.38784
4.69862
8.66621
6.2538
6.80457
5.27753
6.24113
5.80335
7.02313
4.65413
5.15004
6.64616
4.98744
3.85841
6.61082
6.45728
6.32058
4.62236
7.33224
4.48893
4.94397
7.19781
4.64045
6.49517
6.73344
6.38642
6.40191
4.54363
6.5842
4.92043
6.18014
6.43274
6.55829
9.0592
6.48792
6.28286
6.73809
5.35643
4.20788
7.20078
6.4208
4.05433
5.55539
6.72545
4.95634
6.81384
6.42673
3.18468
4.38735
5.13663
6.67181
6.76214
6.59356
6.56579
6.07774
6.72244
