0.80039
0.780428
0.786262
0.841034
0.792882
0.875186
0.859965
0.771484
0.863289
0.746595
0.76099
0.792
0.788563
0.808773
0.856643
0.787509
0.793197
0.76784
0.829467
0.890358
0.794208
0.767394
0.809061
0.849518
0.842049
0.791982
0.79037
0.757984
0.795273
0.780533
0.866971
0.836091
0.788755
0.777087
0.802629
0.789042
0.825783
0.759921
0.788782
0.746378
0.908681
0.791117
0.809891
0.773326
0.791225
0.77197
0.792274
0.836126
0.779241
0.76515
0.751316
0.787528
0.798148
0.760725
0.871838
0.743401
0.880864
0.875921
0.765407
0.730237
0.795141
0.776737
0.781
0.784478
0.853828
0.82795
0.78868
0.774314
0.814193
0.780156
0.73833
0.781911
0.789697
0.740924
0.782024
0.81848
0.78905
0.786071
0.773631
0.788267
0.890791
0.781167
0.804681
0.844134
0.822907
0.776881
0.795928
0.768018
0.761944
0.732804
0.781895
0.810806
0.838563
0.808482
0.794246
0.879251
0.788738
0.786599
0.789925
0.779194
0.815193
0.781626
0.75711
0.772523
0.79301
0.881034
0.753433
0.844777
0.795307
0.758632
0.812798
0.786035
0.800846
0.764762
0.808495
0.834595
0.782591
0.815706
0.807402
0.824809
0.812706
0.7634
0.882137
0.780587
0.778644
0.770747
0.790594
0.768244
0.752474
0.790872
0.778759
0.797327
0.817612
0.783637
0.77496
0.783199
0.788098
0.796815
0.797886
0.813314
0.765299
0.809845
0.770635
0.804927
0.78125
0.797462
0.792595
0.778797
0.797389
0.778855
0.819821
0.815115
0.781765
0.77393
0.793102
0.773987
0.7881
0.777611
0.872014
0.804922
0.787509
0.74335
0.759743
0.774497
0.779791
0.799611
0.828994
0.795237
0.783087
0.863134
0.779685
0.782483
0.817487
0.767068
0.865093
0.774986
0.82914
0.792102
0.800726
0.833057
0.89095
0.855432
0.787029
0.773328
0.832743
0.755382
0.765423
0.795594
0.75972
0.807549
0.824033
0.878958
0.869361
0.786985
0.770291
0.762957
0.882139
0.838664
0.74553
0.752988
0.77147
0.786802
0.845297
0.781451
0.819257
0.884985
0.824947
0.782666
0.806433
0.795349
0.874169
0.833764
0.892369
0.833311
0.811959
0.900681
0.783619
0.75267
0.767796
0.891937
0.792706
0.859529
0.805709
0.786583
0.75725
0.848537
0.791594
0.780588
0.791723
0.767406
0.794109
0.752436
0.797446
0.792758
0.891541
0.734723
0.788134
0.846305
0.840932
0.872379
0.808381
0.784866
0.798634
0.780392
0.785099
0.756943
0.769244
0.792273
0.813465
0.783062
0.783481
0.770439
0.761572
0.796711
0.829059
0.780338
0.796036
0.764318
0.796971
0.810912
0.910981
0.748962
0.863697
0.804749
0.765488
0.782856
0.785784
0.760442
0.769988
0.790214
0.810199
0.769389
0.776094
0.836936
0.891826
0.80292
0.80766
0.795945
0.772572
0.773009
0.778624
0.772409
0.805977
0.784719
0.788132
0.782973
0.816514
0.804827
0.784786
0.746476
0.795799
0.818222
0.796008
0.8608
0.739905
0.734065
0.881084
0.792458
0.812535
0.888724
0.798482
0.737601
0.798423
0.789381
0.778319
0.789173
0.766137
0.827947
0.792077
0.811716
0.790077
0.779976
0.744597
0.799298
0.857545
0.778596
0.763624
0.801343
0.786779
0.893174
0.819514
0.776448
0.783834
0.791319
0.787533
0.793687
0.900034
0.886264
0.793646
0.84325
0.791592
0.786709
0.802762
0.775117
0.810605
0.779051
0.793733
0.816264
0.773623
0.794566
0.742813
0.796327
0.769319
0.824626
0.791326
0.814897
0.860775
0.784928
0.741213
0.78221
0.825616
0.761381
0.876848
0.782535
0.779632
0.802976
0.800317
0.748586
0.795644
0.833436
0.778727
0.906301
0.783651
0.760023
0.789005
0.783823
0.771992
0.747224
0.749568
0.814481
0.769248
0.796867
0.809718
0.790264
0.795622
0.782381
0.789292
0.880001
0.747071
0.760545
0.771141
0.775226
0.776449
0.776957
0.818746
0.788532
0.787478
0.821313
0.808523
0.750277
0.782311
0.779637
0.802273
0.788333
0.796172
0.766035
0.804523
0.775004
0.810324
0.808721
0.796808
0.754617
0.770177
0.739005
0.844498
0.84162
0.756214
0.736772
0.784623
0.744967
0.786177
0.854497
0.790301
0.880565
0.752083
0.862554
0.797537
0.753222
0.800611
0.815502
0.792562
0.835165
0.787973
0.822163
0.767609
0.768849
0.800788
0.783167
0.757052
0.777479
0.806326
0.795769
0.810743
0.834201
0.770853
0.803114
0.80402
0.783018
0.772399
0.785081
0.798006
0.791141
0.756369
0.828726
0.772522
0.790543
0.869528
0.743381
0.803721
0.789156
0.760727
0.790767
0.779213
0.784367
0.809883
0.805921
0.779644
0.806574
0.814317
0.790028
0.761953
0.769361
0.81234
0.766295
0.795926
0.839071
0.771732
0.761013
0.781835
0.785236
0.792467
0.752927
0.794011
0.758461
0.752983
0.776454
0.772935
0.751209
0.799567
0.780465
0.810822
0.781519
0.764406
0.856202
0.825043
0.860581
0.855088
0.731523
0.805089
0.793883
0.782626
0.837657
0.80066
0.747987
0.765882
0.753084
0.795773
0.828867
0.786446
0.686716
0.751671
0.793587
0.776298
0.763513
0.780883
0.823314
0.772112
0.818703
0.800078
0.838314
0.766145
0.805551
0.765515
0.803014
0.841364
0.783836
0.895784
0.75642
0.810709
0.824976
0.811903
0.807841
0.812018
0.829107
0.764952
0.79097
0.782862
0.790922
0.770402
0.813431
0.828565
0.783102
0.882124
0.827766
0.759434
0.917699
0.789198
0.834728
0.791812
0.785685
0.793245
0.776786
0.775445
0.789708
0.79003
0.885606
0.793925
0.817561
0.853614
0.79306
0.797671
0.802991
0.760589
0.833847
0.826349
0.793964
0.848642
0.784717
0.75834
0.816224
0.809727
0.812666
0.802521
0.789141
0.785646
0.789013
0.78608
0.762743
0.814712
0.781339
0.802364
0.870979
0.787287
0.802758
0.877408
0.798221
0.778327
0.791
0.802201
0.741392
0.817653
0.80045
0.816386
0.759563
0.812245
0.859565
0.812302
0.809227
0.804706
0.811101
0.7909
0.805207
0.903941
0.801269
0.75802
0.753058
0.801522
0.799676
0.830307
0.773954
0.770326
0.896435
0.83045
0.825516
0.807686
0.848182
0.767985
0.763887
0.832474
0.796468
0.780115
0.782269
0.854756
0.814767
0.838283
0.766698
0.789022
0.810183
0.780427
0.783841
0.853837
0.7898
0.752318
0.839775
0.885988
0.803738
0.788822
0.824138
0.784055
0.829447
0.773098
0.792326
0.862071
0.793291
0.790227
0.80563
0.798599
0.815905
0.793126
0.856096
0.826134
0.832516
0.747038
0.766978
0.817667
0.80475
0.873228
0.829233
0.83229
0.812815
0.818722
0.808421
0.874318
0.824176
0.840307
0.829309
0.787862
0.815167
0.757256
0.921743
0.790469
0.819732
0.81275
0.815211
0.806713
0.846627
0.802481
0.869023
0.799351
0.814561
0.802852
0.785711
0.760485
0.819785
0.790227
0.809288
0.7562
0.817539
0.825629
0.860168
0.79343
0.777555
0.77608
0.813467
0.794168
0.818485
0.792004
0.835314
0.804153
0.813666
0.75535
0.803963
0.877959
0.832848
0.787268
0.858416
0.803645
0.883483
0.77137
0.84628
0.745212
0.854398
0.794142
0.786051
0.807819
0.81208
0.794915
0.813954
0.760072
0.888325
0.892535
0.785218
0.786487
0.841318
0.817235
0.853155
0.754503
0.763575
0.789683
0.826351
0.889216
0.77819
0.833411
0.832222
0.772663
0.766926
0.792458
0.830228
0.769889
0.858942
0.828386
0.791095
0.812967
0.803367
0.837556
0.872917
0.7831
0.797662
0.800526
0.800044
0.807395
0.799481
0.829541
0.847642
0.814476
0.860384
0.85949
0.779162
0.786164
0.748
0.847866
0.781119
0.817177
0.741449
0.816355
0.762439
0.80943
0.764403
0.812535
0.795298
0.801982
0.794226
0.772397
0.804727
0.818982
0.769667
0.882784
0.827592
0.818286
0.804139
0.891424
0.815729
0.827213
0.813201
0.802187
0.772567
0.775719
0.835784
0.838442
0.901505
0.762896
0.832931
0.77474
0.802198
0.756414
0.774898
0.803169
0.786932
0.758639
0.818733
0.806672
0.778048
0.772248
0.807669
0.81012
0.71615
0.816386
0.837262
0.817057
0.803638
0.809839
0.785729
0.798409
0.893446
0.773316
0.773902
0.920824
0.784763
0.813084
0.762715
0.822765
0.818491
0.826145
0.86236
0.86669
0.7985
0.820519
0.86283
0.825004
0.785581
0.818514
0.853033
0.780893
0.815296
0.791688
0.78328
0.825422
0.796808
0.793616
0.751841
0.801619
0.778182
0.914357
0.803239
0.811215
0.794774
0.920053
0.79579
0.830327
0.923644
0.822999
0.802034
0.807005
0.805375
0.824311
0.80397
0.848014
0.738354
0.811906
0.888793
0.802381
0.801114
0.820551
0.785092
0.825374
0.90113
0.786327
0.709346
0.814353
0.765212
0.779406
0.802953
0.857471
0.813981
0.740836
0.820346
0.779011
0.784547
0.798606
0.809232
0.800617
0.827698
0.810518
0.789994
0.901968
0.860114
0.785055
0.788681
0.782021
0.796576
0.849381
0.743054
0.810909
0.781984
0.794887
0.74817
0.820946
0.878971
0.870439
0.791473
0.863222
0.746473
0.855513
0.799039
0.831408
0.8224
0.846685
0.82883
0.870012
0.823104
0.796586
0.798304
0.83634
0.815893
0.743759
0.81169
0.794104
0.826631
0.867543
0.776556
0.879161
0.828998
0.89945
0.823576
0.836646
0.795174
0.78187
0.846659
0.767434
0.817641
0.80662
0.814911
0.835816
0.894974
0.814624
0.811489
0.790209
0.777761
0.778635
0.75511
0.858557
0.85632
0.799082
0.907963
0.809985
0.817404
0.818658
0.811878
0.772413
0.790049
0.880862
0.776232
0.77934
0.82074
0.805904
0.811643
0.828057
0.790263
0.807387
0.802649
0.891216
0.81091
0.766083
0.821815
0.774857
0.795589
0.774865
0.753806
0.829227
0.801817
0.899886
0.801445
0.876808
0.799467
0.816593
0.832418
0.822962
0.769939
0.868035
0.841805
0.829584
0.788127
0.808923
0.760071
0.894406
0.832763
0.803809
0.788054
0.82144
0.772415
0.912325
0.808533
0.817737
0.889958
0.822662
0.765278
0.816273
0.759611
0.824609
0.804228
0.82663
0.755597
0.766573
0.761683
0.814877
0.862009
0.820056
0.80236
0.783734
0.793419
