6.82405
5.67106
26.3289
9.01027
54.0634
45.9976
9.62147
89.3431
25.8052
24.9811
45.1298
32.5519
22.6303
12.6162
30.5388
90.2575
26.8472
8.82522
33.9928
74.338
3.69752
24.2797
62.0399
38.1117
16.8957
22.0964
13.9687
4.09328
84.0789
65.9525
10.8086
3.76043
7.41139
34.8867
12.5151
63.4655
7.49478
6.24857
22.5102
43.5482
23.6908
22.5773
14.3716
10.096
59.8968
15.0252
6.17408
92.2587
10.655
10.1437
8.1702
19.0629
43.249
80.8019
38.3329
7.63532
10.4983
84.3979
47.8545
65.5736
34.0221
12.3325
38.7768
69.3347
10.8771
14.7976
10.5216
45.8702
12.4706
77.5467
92.2125
104.582
88.4864
96.9584
8.9104
7.00849
12.0828
94.6185
92.9614
8.29489
11.8094
26.9639
92.6109
7.1551
67.1611
14.3695
53.6426
94.2368
94.9774
30.9317
10.3137
28.8509
15.931
7.06111
11.4912
5.98749
10.0513
15.0634
30.293
9.37845
90.4503
7.16857
35.9911
17.257
9.19289
13.9726
57.6524
74.1992
14.1328
87.9034
24.9445
16.1263
91.5164
23.2206
31.893
5.67431
8.15982
45.3572
25.1376
9.62813
58.3356
9.20555
4.33333
24.8052
18.7367
21.1029
17.9511
68.533
57.8011
87.7444
78.3862
11.9147
9.65111
6.97214
65.1062
78.9715
10.6271
86.5791
30.5623
41.4145
20.3761
11.1653
24.8693
35.7858
4.9531
23.1938
17.8569
10.6928
93.0606
8.43461
34.6457
89.0199
16.0435
14.1932
18.8169
47.0802
98.6301
9.72266
11.0877
73.199
8.74091
9.09088
17.1255
13.4864
88.1227
30.0932
8.51913
27.1012
8.11286
21.3095
31.9108
30.8191
9.06685
88.8021
14.7752
90.1936
71.5724
10.1946
11.0057
62.3052
33.5334
86.4523
75.8247
41.8823
13.6911
56.2872
91.941
17.5837
12.8786
9.56659
91.9101
37.4156
8.41953
3.81482
55.6104
11.4227
90.9104
19.7406
63.4495
69.7782
17.7078
7.78229
9.77397
50.6023
20.6785
91.6054
11.7453
54.5073
79.8208
96.3702
79.5114
88.1799
87.0783
16.6411
6.15753
41.0604
19.6814
16.6585
8.47742
9.48595
13.9678
7.78285
6.9729
12.3361
19.7793
28.4324
13.7364
69.2602
6.45229
11.8572
12.7208
30.3026
92.9575
10.916
19.2288
13.1905
95.9616
13.1728
12.4609
12.106
6.66208
9.45815
44.65
7.47246
51.6774
23.9387
90.6065
20.8996
6.18328
90.1152
28.9641
10.9299
10.7441
59.6792
85.8624
45.4191
5.68072
91.0874
53.2637
14.8859
15.3797
7.88562
10.4625
12.0369
30.4172
63.6832
7.14081
58.9882
5.09171
96.1485
16.0326
45.1637
48.014
88.2133
93.098
71.1814
69.8408
15.3203
22.1664
5.6635
13.204
63.418
41.2286
5.56243
50.1519
35.2507
8.35721
7.18118
85.6198
89.7877
37.7333
44.8084
46.33
22.4677
13.7523
56.0924
7.58727
19.2067
12.6212
14.5312
8.21443
27.412
75.0121
41.2743
86.3415
19.9421
22.4239
6.361
3.91196
5.9384
37.6393
11.5561
34.2784
12.224
31.9571
21.2637
93.9781
9.41164
28.5091
12.0801
10.6773
7.39635
105.516
10.436
8.08264
17.8777
82.7185
91.4139
15.5873
90.4202
29.7246
6.12941
9.68498
93.0626
85.0932
27.7373
59.7801
9.95763
12.814
44.1215
74.3664
5.37987
13.6038
12.5808
94.013
61.68
91.6663
36.9698
48.2733
92.6629
12.7799
14.276
12.076
93.2894
24.5755
14.7101
62.7505
7.36103
51.6728
12.7896
66.4207
11.6968
91.0505
37.2197
20.9946
8.5155
5.42237
68.1765
7.88961
12.9616
10.1692
14.6624
29.1142
16.4255
12.5057
19.9807
5.88697
3.6304
5.90329
46.829
9.50223
92.8198
66.612
25.2087
91.8342
7.89606
35.5465
8.88561
20.711
6.45496
60.5416
34.3623
19.8026
15.9924
8.509
17.2849
3.81456
15.0824
91.9255
7.04375
30.1364
81.2698
17.9529
11.1934
6.29844
69.5791
87.7991
14.1949
68.5983
97.8176
86.0283
29.9754
13.6819
43.4049
12.3268
57.4696
12.3482
10.7342
51.1547
13.1662
11.7601
17.7792
91.221
6.36277
21.1467
24.8215
9.27146
6.26665
67.9901
12.5874
15.0685
9.36829
8.01977
6.79087
37.5369
47.8118
68.7393
7.90602
9.62918
8.33577
65.226
15.1247
21.9307
92.1013
69.9635
35.4172
5.49546
7.47426
14.5464
98.8281
14.4653
50.2574
12.1235
13.0215
88.0676
68.0953
24.5318
8.05798
87.1363
14.7467
91.0202
14.2351
17.1908
91.1429
26.4298
11.7838
20.2226
15.8981
11.3803
14.8732
6.10232
39.8613
89.5668
5.84812
70.8276
90.0037
48.4195
89.5404
12.3548
5.27171
10.5916
86.1296
6.72864
7.1053
9.12901
16.8345
31.6008
15.9795
7.73175
8.34124
41.1658
27.734
15.2619
6.93818
56.7196
27.5023
7.30797
12.1296
15.4903
6.43901
39.6158
52.977
12.9079
29.4476
65.837
32.6357
13.4768
88.6933
86.7443
88.7168
8.31112
8.68525
96.4864
4.3133
68.1242
5.17987
83.2242
15.9257
28.1205
64.3018
20.3463
9.01495
13.2201
9.06412
65.219
87.6819
23.2156
8.71072
28.0844
22.9149
11.2803
86.4245
41.6729
17.5495
9.97203
89.3967
99.7321
18.4964
59.9863
16.7278
21.3743
10.5384
89.0634
90.9217
11.8135
14.3905
37.1348
90.2137
28.5621
6.32369
27.5206
83.5118
13.0057
80.0992
7.037
6.87029
12.0225
10.4288
89.462
66.73
68.8709
3.7641
13.8593
12.1246
7.70004
11.3587
21.3189
8.87539
14.9002
89.0466
16.4751
89.1493
35.2959
8.76831
10.4124
12.4805
91.2423
73.6396
86.1524
7.55843
16.6861
94.2819
16.1406
12.6716
7.92167
16.3696
91.7434
3.20249
7.98038
9.12411
81.9052
31.9379
38.3291
7.99466
10.1134
5.85592
5.8508
86.1322
11.9257
40.8313
88.3369
97.1352
90.1196
21.674
31.1608
95.058
89.6318
83.3883
11.7735
11.6385
81.9035
50.7855
84.5807
6.00436
25.8836
12.3798
4.29724
7.01211
64.531
12.6014
93.5521
13.6955
7.72824
9.86608
13.1403
13.3199
17.2345
7.11249
5.24493
20.8813
56.7931
12.1055
8.918
71.2317
57.4344
82.2808
17.0401
65.1756
100.996
9.81676
35.5874
91.6336
90.0438
66.2936
9.08275
45.843
8.30004
14.3229
5.8566
72.8542
10.2199
17.3287
75.8565
20.3902
67.7717
78.4898
25.5056
16.2337
91.8509
20.4668
36.9985
8.04058
14.6696
25.8083
33.6079
10.9977
5.82828
19.3217
30.6378
5.88723
6.82646
33.2961
14.0019
90.2836
8.66123
11.5268
92.1266
14.2005
45.9804
76.3652
15.6761
11.351
12.4447
87.3502
35.5843
11.0846
32.7942
9.1243
8.02231
12.7365
19.8975
20.4376
57.1364
23.3663
56.2981
56.6947
12.0127
7.03658
12.8908
7.25002
13.8045
21.0741
18.5983
63.4692
8.4286
7.95389
9.48289
12.6202
35.8652
80.9671
5.8024
13.4973
30.0754
11.9348
85.0115
20.5061
34.6307
76.0074
69.5728
29.9482
93.1006
92.6753
89.8976
50.7903
37.7356
26.0375
5.29801
76.42
11.2758
16.906
36.3158
24.7292
10.7697
14.0212
7.18586
14.8028
21.0805
12.4123
64.0156
51.8299
97.5508
97.3028
7.72235
8.74985
8.43291
84.7842
38.5776
42.6054
18.4148
93.3622
21.0965
94.4739
4.33402
82.4748
79.3672
55.5744
33.1829
40.1657
6.53217
19.2169
10.3178
14.5824
10.7094
90.8697
64.4142
8.89977
29.0266
6.20214
6.5153
85.19
29.0125
34.4638
59.6631
14.7449
11.9981
24.0607
8.86496
10.2062
28.0305
89.1739
18.8607
80.0454
21.194
72.2665
11.9536
9.9457
10.5335
3.53716
7.88733
81.7127
8.04504
71.8078
57.8549
27.0948
50.0524
62.4152
23.2076
10.006
27.3087
15.9828
14.4104
13.3052
7.645
8.60053
9.39054
70.083
56.1881
6.42883
88.3826
51.2911
92.6716
6.19
7.74092
6.13966
60.4118
35.4333
18.5915
7.04159
13.3563
13.5503
36.0127
9.01989
93.1477
32.8574
33.3833
13.8563
10.586
5.76362
23.1066
10.2537
13.9117
92.2023
87.861
69.6722
11.1703
10.3811
86.2127
9.40655
85.9085
56.3716
88.472
41.032
90.4097
34.8302
34.3574
24.13
14.4609
61.0483
86.1798
14.2945
6.59706
63.5939
95.033
10.3715
10.6943
13.5861
15.2321
11.3656
65.491
8.79748
30.19
39.8622
16.9395
92.1523
49.6023
7.29337
8.26658
66.7281
16.2946
11.1323
24.3263
48.9038
8.44982
9.82053
70.8268
91.1775
19.599
18.7458
68.4008
17.6292
9.99244
62.604
63.1461
17.4073
23.5576
16.1742
12.9709
10.5633
14.1525
94.6985
8.8964
75.4056
95.6592
48.0697
5.09761
93.4462
91.7467
90.2225
45.4494
40.4658
86.6662
16.7847
81.9165
40.3387
16.0816
11.6812
84.8604
13.4854
13.3405
23.0964
85.9432
14.4775
12.9368
106.911
90.0332
67.7877
33.32
14.6094
22.2409
9.60627
92.6114
8.12014
13.2795
42.0823
80.6912
7.80977
8.64963
16.801
94.1301
7.90392
94.273
33.8986
98.8676
94.1676
7.75944
9.70345
7.54245
5.5941
7.47217
68.0742
94.1128
26.239
21.3041
19.9195
10.6015
28.1339
12.4132
9.1408
90.5432
18.4339
67.7405
92.1696
53.3276
65.4491
14.6862
88.4793
7.82939
87.4899
51.4763
83.864
90.421
8.16491
9.94522
6.11962
18.9573
47.267
6.79386
14.2547
43.6863
38.3969
24.0323
64.0787
65.9543
89.9795
11.0191
7.053
27.659
93.5641
17.0632
87.1006
31.1109
24.2465
8.86936
38.6327
9.79173
20.6751
20.3336
6.57156
16.3643
89.5326
90.3419
15.5089
12.8196
84.6498
40.0406
7.24126
91.2308
7.22549
45.1607
7.91412
