0.455867
0.394626
1.77313
0.631082
3.73494
3.10403
0.656136
6.22708
1.76592
1.68344
3.11039
2.21062
1.54996
0.857273
2.10883
6.16994
1.8573
0.623444
2.30287
5.15581
0.271608
1.68234
4.15939
2.64953
1.17381
1.52167
0.940758
0.27105
5.89923
4.50541
0.733098
0.239687
0.503219
2.44368
0.876977
4.3104
0.521342
0.440452
1.55962
2.94263
1.64701
1.56196
0.967672
0.683887
4.12461
1.00955
0.402718
6.52283
0.721031
0.712283
0.566049
1.27752
3.06877
5.64238
2.60559
0.550003
0.728808
5.9485
3.31922
4.39689
2.25186
0.848278
2.67101
4.89657
0.757348
1.03401
0.695513
3.2727
0.871197
5.21212
6.45773
7.11216
6.39992
6.67295
0.619946
0.524054
0.838763
6.44157
6.53388
0.587054
0.777309
1.81113
6.57312
0.468707
4.92266
0.939692
3.81042
6.44137
6.60496
2.11646
0.730925
2.04261
1.08585
0.456042
0.804835
0.402228
0.683232
0.987417
2.08251
0.66149
6.52288
0.519597
2.5001
1.25429
0.668376
0.923752
4.22132
5.11593
0.949472
6.1025
1.6022
1.17426
6.25665
1.67324
2.27263
0.380341
0.569959
3.38043
1.7706
0.698838
4.08937
0.614247
0.293752
1.79565
1.30154
1.50658
1.22835
4.73359
3.73348
6.29238
5.25316
0.814972
0.666965
0.459026
4.55189
5.29455
0.744162
6.03549
2.04633
2.83117
1.39715
0.750605
1.69614
2.52677
0.359874
1.52418
1.24688
0.727707
6.69804
0.58336
2.50488
6.46342
1.06875
0.973345
1.27434
3.3317
6.74942
0.668198
0.757236
5.24379
0.617502
0.647925
1.23673
0.936083
6.03914
2.10176
0.54161
1.94457
0.562998
1.56317
2.30835
2.13844
0.637642
6.61167
1.01487
6.47578
4.80883
0.716371
0.723258
4.50522
2.38705
6.19324
5.41876
2.85759
0.894122
4.18357
6.37107
1.24559
0.828214
0.693654
6.35071
2.53836
0.577748
0.285495
3.98172
0.865334
6.19426
1.3345
4.23102
4.75897
1.20713
0.523936
0.653445
3.49498
1.36509
6.16814
0.861552
3.75835
5.56573
6.71064
5.66605
6.1405
5.85941
1.22887
0.417059
2.94144
1.41859
1.12286
0.588316
0.60678
0.937559
0.527503
0.500807
0.840625
1.36321
1.87985
0.999644
4.78908
0.431766
0.810315
0.897944
1.95603
6.53804
0.740608
1.32852
0.89427
6.63949
0.901853
0.836241
0.856124
0.490872
0.607855
3.18874
0.52722
3.56565
1.61916
6.46743
1.50323
0.442999
6.21248
2.02512
0.745486
0.765574
4.32113
6.28432
3.08699
0.395608
6.21068
3.58989
1.02768
1.09492
0.555921
0.791505
0.785881
2.19003
4.30728
0.495501
4.03463
0.348747
6.43492
1.05945
3.05021
3.23405
5.99359
6.76485
5.00703
4.86607
1.05515
1.55281
0.398623
0.918826
4.34098
3.04173
0.354505
3.58293
2.2965
0.579445
0.473121
6.02717
5.92852
2.56707
3.13387
3.25366
1.52651
0.933112
3.84277
0.525898
1.26832
0.829152
0.93758
0.553624
1.78001
5.21909
2.72914
6.23962
1.30272
1.48525
0.439163
0.259616
0.412116
2.6546
0.79424
2.49219
0.829864
2.20667
1.38436
6.43576
0.620018
1.94413
0.811201
0.745142
0.500163
7.24896
0.679312
0.595644
1.19391
5.72889
5.9514
1.04227
6.34656
2.13493
0.399612
0.682082
6.60665
5.94217
1.9901
4.37
0.699807
0.870282
2.93828
5.17718
0.344561
0.93714
0.865501
6.86239
4.25129
6.50085
2.49277
3.50162
7.04342
0.864605
0.988155
0.793873
6.62368
1.72067
1.07244
4.23223
0.510739
3.63004
0.847734
4.51772
0.876477
6.04974
2.58946
1.37521
0.615789
0.387064
4.8
0.537618
0.928445
0.674783
1.03504
2.13862
1.08182
0.896967
1.42409
0.426815
0.260024
0.406282
3.25705
0.682045
6.70161
4.83345
1.73926
6.24979
0.520867
2.43302
0.606329
1.4194
0.48833
4.10423
2.42818
1.3222
1.13448
0.608953
1.26035
0.267768
1.10359
6.20424
0.475957
2.17905
5.83682
1.23679
0.771397
0.453774
4.90059
6.38198
0.943154
4.73533
7.24584
6.08827
2.04931
0.969864
3.24314
0.838832
4.13332
0.846993
0.768152
3.48182
0.889022
0.801576
1.29067
6.35475
0.458028
1.4173
1.69268
0.673099
0.417576
4.59941
0.914125
1.11216
0.638201
0.568668
0.458401
2.65782
3.17832
5.1375
0.5066
0.694813
0.570563
4.6553
0.982897
1.51651
6.34098
5.0534
2.36583
0.376344
0.488722
1.04883
6.74679
1.0114
3.33612
0.812994
0.878019
6.32193
4.70413
1.64882
0.578427
6.19343
1.07234
6.23477
0.949545
1.21771
6.4655
2.04547
0.79233
1.32559
1.12583
0.821517
1.08025
0.424651
2.84724
6.46159
0.403257
4.99862
6.49826
3.36612
6.47071
0.857418
0.390433
0.732885
5.95401
0.460559
0.531879
0.605305
1.21262
2.10999
1.09258
0.534943
0.597582
2.95904
2.08705
1.07894
0.458569
4.11311
2.0709
0.522533
0.866566
1.01246
0.432909
2.75534
3.94442
0.919704
1.9741
4.74107
2.20128
0.974844
6.24047
6.1639
5.98229
0.62461
0.615725
6.82204
0.284568
4.89919
0.328638
5.92725
1.02446
2.02576
4.47621
1.47885
0.58706
0.987992
0.638587
4.87541
6.06732
1.56679
0.553805
2.04173
1.53968
0.839898
6.07296
2.97923
1.20288
0.692916
6.38348
6.65352
1.29331
4.31148
1.11059
1.4704
0.720061
6.27777
6.37969
0.820025
0.972373
2.61078
6.24193
1.96544
0.446193
1.97285
6.01255
0.991795
5.55571
0.491308
0.506351
0.83885
0.677886
6.50549
4.48164
4.85723
0.261158
0.981174
0.855996
0.55251
0.808599
1.47613
0.614901
1.07861
6.16922
1.20944
6.36235
2.5206
0.578313
0.682964
0.888286
6.50199
5.18824
6.25759
0.531053
1.17706
6.54383
1.15095
0.874247
0.558463
1.11828
6.66153
0.223843
0.55513
0.61609
5.78066
2.23814
2.76066
0.556976
0.713876
0.425635
0.423272
6.21091
0.800924
2.79271
5.99007
6.78832
6.21874
1.45831
2.36619
6.58968
6.25821
5.58806
0.865117
0.789358
5.79293
3.74166
6.16044
0.425323
1.76968
0.893775
0.305075
0.509854
4.51966
0.886515
6.43638
1.01602
0.507844
0.670091
0.902021
0.999009
1.19731
0.492974
0.347592
1.47322
3.82317
0.895364
0.607019
5.02219
4.02744
6.10749
1.1874
4.51075
6.87065
0.63846
2.44719
6.53144
6.32419
4.81598
0.618443
3.25934
0.564459
1.02195
0.4005
5.36541
0.711667
1.17347
5.39678
1.36148
4.8597
5.53972
1.74132
1.11181
6.314
1.48459
2.45824
0.552354
0.981411
1.90408
2.21502
0.765745
0.411107
1.3406
2.08983
0.426315
0.497489
2.40439
0.990797
6.26598
0.598855
0.799845
6.56538
0.919272
3.2115
5.4228
1.10692
0.787672
0.906328
5.92891
2.5639
0.795982
2.33266
0.601826
0.566346
0.852635
1.38531
1.41661
3.97872
1.57922
3.94407
4.19704
0.816662
0.485171
0.938056
0.492263
1.00075
1.47268
1.21763
4.66802
0.553644
0.55568
0.633373
0.892936
2.34873
5.85858
0.425173
0.926797
2.12849
0.799029
5.97543
1.36644
2.33774
5.45998
4.80881
2.11544
6.81792
6.33237
6.19387
3.59121
2.69285
1.76593
0.389118
5.595
0.787355
1.2033
2.54568
1.69416
0.733604
1.01616
0.500641
1.0866
1.39553
0.883891
4.5574
3.68337
6.58257
6.98579
0.535948
0.573283
0.579264
5.97091
2.61046
3.03227
1.25222
6.39466
1.3921
7.08501
0.325888
5.97428
5.36482
3.88605
2.26087
2.84148
0.455258
1.38213
0.74516
1.04374
0.758136
6.46061
4.40747
0.642952
2.15292
0.44513
0.473174
6.23246
2.04826
2.42839
4.13284
1.01999
0.820519
1.64796
0.609682
0.687577
2.11489
6.45297
1.2968
5.66514
1.50559
5.23113
0.761163
0.721512
0.674477
0.275589
0.541575
6.04782
0.532109
5.17833
4.14884
1.80075
3.53425
4.6881
1.55458
0.70704
1.91441
1.07098
0.966062
0.958942
0.54116
0.609805
0.686285
4.73448
4.10781
0.457405
6.10356
3.56176
6.82751
0.422269
0.553009
0.40899
4.1205
2.57181
1.3623
0.466578
0.977831
0.910205
2.49637
0.58585
6.75459
2.15196
2.314
0.953973
0.731253
0.373953
1.6684
0.692261
0.943992
6.27754
6.30894
4.72678
0.814608
0.72062
6.23137
0.64208
6.29771
3.77576
6.53185
2.87487
6.60758
2.50239
2.5549
1.60555
1.02013
4.35234
6.329
0.969689
0.4523
4.44665
6.80557
0.691878
0.72177
1.00166
1.09978
0.816582
4.5139
0.599099
2.13852
2.79522
1.17966
6.36058
3.63765
0.465711
0.576732
4.74349
1.20062
0.772937
1.66761
3.46139
0.610031
0.663424
5.2496
6.25482
1.41895
1.26395
4.78098
1.15758
0.713173
4.24022
4.58875
1.15848
1.67007
1.0776
0.908703
0.745638
0.985179
6.51141
0.62736
5.27343
6.8618
3.27243
0.336421
6.48872
6.7746
6.30066
3.36159
2.74655
6.09052
1.10369
5.78193
2.79342
1.13451
0.801437
6.25475
0.975289
0.920626
1.63187
6.27044
1.05024
0.925398
7.05256
6.26276
4.76207
2.38455
0.963125
1.69405
0.658105
6.84348
0.611302
0.970948
2.94148
5.95149
0.557804
0.611976
1.18546
6.55991
0.590007
6.39833
2.53766
6.93269
6.72502
0.562325
0.693603
0.543523
0.403695
0.490648
5.00327
6.84008
1.75714
1.49366
1.3331
0.721233
1.97437
0.887334
0.614239
6.49403
1.28293
4.99744
6.49729
3.53478
4.68107
1.02562
6.24423
0.526576
6.29477
3.80318
5.97672
6.3251
0.560424
0.703005
0.472065
1.28357
3.38392
0.456449
0.99369
3.00728
2.75773
1.70632
4.55336
4.42749
6.32635
0.753492
0.487664
1.81922
6.62728
1.15587
6.12579
2.35836
1.66629
0.634528
2.6016
0.710537
1.42609
1.4922
0.457955
1.08422
6.39028
6.3613
1.05151
0.912488
5.89035
2.76414
0.495721
6.32349
0.494394
3.28646
0.53893
