14.9694
14.3707
14.8488
14.2775
14.4751
14.8187
14.6638
14.3475
14.6129
14.8393
14.5094
14.7252
14.6006
14.7167
14.4814
14.6286
14.4549
14.1556
14.7611
14.4183
13.6135
14.4321
14.9156
14.3843
14.3939
14.5211
14.8484
15.1016
14.2525
14.6385
14.7437
15.6889
14.728
14.2763
14.2708
14.7238
14.3759
14.1867
14.4332
14.7991
14.3842
14.4545
14.8517
14.7626
14.5218
14.883
15.331
14.144
14.7774
14.2412
14.4337
14.9218
14.0933
14.3205
14.7118
13.8823
14.4047
14.1881
14.4174
14.9136
15.1085
14.5382
14.5177
14.1599
14.3621
14.3108
15.1279
14.016
14.3143
14.8781
14.2794
14.7047
13.8262
14.5301
14.3729
13.3736
14.4055
14.6887
14.2276
14.1297
15.1927
14.8879
14.0893
15.2656
13.6433
15.2917
14.0779
14.6299
14.3797
14.6149
14.1105
14.1245
14.6715
15.4835
14.2777
14.8858
14.7114
15.2554
14.5464
14.1778
13.8666
13.7964
14.3958
13.7584
13.7541
15.1259
13.6574
14.5036
14.8849
14.4045
15.5689
13.7331
14.6271
13.8776
14.0335
14.919
14.3165
13.4176
14.1972
13.7773
14.2652
14.9867
14.7517
13.8141
14.3958
14.0072
14.614
14.478
15.4819
13.9445
14.9217
14.6198
14.4702
15.189
14.3031
14.9156
14.2806
14.345
14.9352
14.6281
14.584
14.8751
14.6623
14.1627
13.7634
15.2172
14.3212
14.6938
13.8937
14.4587
13.8313
13.7729
15.0114
14.5818
14.766
14.131
14.6131
14.5506
14.6423
13.9592
14.1553
14.0308
13.8474
14.4073
14.5919
14.3181
15.7293
13.9369
14.4101
13.6322
13.8241
14.412
14.2194
13.4311
14.5587
13.9278
14.8835
14.2309
15.2168
13.8296
14.048
13.9591
13.993
14.6565
15.3124
13.4543
14.431
14.1167
15.5498
13.7916
14.4724
14.7401
14.573
13.3621
13.9664
13.2003
14.6766
14.7925
14.9963
14.6624
14.6693
14.8535
14.9576
14.4786
15.1481
14.8514
13.6327
14.503
14.3415
14.3608
14.0329
14.3604
14.8613
13.5418
14.7642
13.9593
13.8739
14.8358
14.4096
15.6332
14.8981
14.7541
13.9233
14.675
14.5094
15.1248
13.7413
14.4621
14.944
14.6328
14.1666
15.4919
14.2179
14.7393
14.4739
14.75
14.4532
14.6064
14.9011
14.1405
13.5719
15.5599
14.0024
14.1733
14.4931
14.7846
14.0097
13.9031
13.9578
14.5055
14.3024
14.6615
14.034
13.811
13.6629
14.7131
14.3595
14.6663
14.8371
14.485
14.0464
14.1848
13.2185
15.3165
13.8889
14.785
14.4113
14.6205
14.6
14.9417
15.1329
14.8067
14.8464
14.7179
13.762
14.2163
14.3526
14.5195
14.275
14.2077
14.3705
14.6092
13.5543
15.6907
13.9974
15.3497
14.4228
15.1783
14.2056
15.145
14.699
14.2981
14.2393
14.7183
14.7381
14.5969
14.4273
15.1435
15.2218
15.4986
14.8376
15.4
14.3726
15.1236
13.8376
15.3081
15.0978
14.4844
15.0682
14.4095
14.1789
14.5499
13.7544
14.7301
14.482
15.3599
14.6025
15.1796
14.6642
14.8916
14.3293
14.7879
14.5561
15.3626
13.5696
14.9741
14.4388
15.3601
14.9551
14.2471
13.923
15.3384
14.1991
14.0862
14.3202
13.9376
13.6796
14.2291
14.724
15.0161
14.3643
15.6137
14.5163
14.5358
13.6997
14.5085
14.1007
14.8308
13.786
13.156
14.7812
14.4472
15.2114
14.0842
14.2825
13.7165
14.8268
14.4125
14.2348
15.0867
14.7023
13.3452
15.0503
14.3736
15.2664
13.8286
14.009
14.2034
14.6751
13.9606
15.0703
14.166
13.6135
15.1833
13.9422
14.0305
13.7928
13.9618
14.53
14.3777
13.932
13.8504
13.7815
14.4939
14.694
15.1595
14.61
14.6548
14.5914
13.2184
14.751
14.1515
14.977
14.0967
13.9732
13.7144
14.2457
13.6667
14.8166
14.7991
13.8301
13.9236
14.5157
14.5106
13.8801
14.1981
13.7573
15.0505
14.4865
13.4998
14.1302
14.6271
14.107
13.3836
14.6952
13.904
14.5789
13.9741
14.6919
14.8098
14.6712
13.7752
14.3548
13.8916
14.9203
14.664
13.7743
15.0072
14.7824
13.7699
13.5488
14.6792
14.1027
14.8143
14.1232
15.0431
13.3799
15.606
13.8587
14.6097
14.0111
15.3878
14.4613
14.5248
13.8448
14.9703
14.6022
15.2935
13.8692
14.6482
14.3022
15.0646
14.9121
14.8305
13.9305
14.4756
14.8784
13.9308
14.0692
13.7518
14.5988
14.9915
14.1173
14.0968
12.9212
14.8723
15.2556
14.1212
13.8527
13.7683
14.3702
14
13.8614
14.5022
14.1694
13.8504
14.3843
13.8378
14.4093
13.5022
14.4519
14.4658
14.6097
13.3589
15.0817
13.8827
14.9767
14.6255
14.4534
13.9583
13.9119
13.2886
14.1452
15.1301
13.7899
13.2804
13.9857
13.9973
15.2997
14.8738
14.3778
13.4309
14.0348
14.917
13.8865
14.8258
13.8246
14.2126
14.073
14.8299
13.3061
14.1057
14.1433
15.1574
13.9052
15.7616
14.041
15.5454
13.8815
14.3653
13.7582
15.3561
13.3808
14.194
13.3771
14.4515
14.8174
15.7289
13.7552
14.883
13.4306
14.231
13.9878
14.5896
14.3914
14.0044
14.9894
14.3017
13.9132
15.0622
14.5364
14.6354
14.1871
14.2517
14.4062
14.7994
14.2236
14.4528
14.5322
14.1725
13.9497
13.8896
13.1133
14.4174
14.323
13.5682
14.3322
15.3843
13.7518
14.8897
14.1791
14.4131
14.1253
14.1643
13.9365
14.0474
14.4424
14.4338
13.8142
14.434
13.6221
14.012
14.003
15.1619
15.2459
14.0501
14.033
14.1936
13.7677
14.2329
14.1761
14.4077
14.0236
14.4943
14.1848
14.6382
13.7721
14.3069
14.3757
14.8097
14.1688
14.2698
13.884
14.3537
14.1669
13.7581
13.8228
13.8679
14.8899
14.6207
14.7472
14.3092
14.4916
14.8624
13.1692
14.4253
14.3223
14.9226
13.6091
14.7442
14.1385
13.573
13.7296
14.1172
14.6261
13.8511
14.0859
13.7532
14.2778
14.2145
14.5349
13.4796
15.2177
14.7235
14.5677
13.3332
14.3943
14.4277
15.0893
14.174
14.855
13.5202
14.6915
14.1834
14.2608
13.4721
14.3507
14.4489
14.6996
15.3757
14.5422
14.0296
14.238
13.7654
14.6865
14.0651
14.7044
14.0153
14.6232
13.5785
14.3605
14.7671
14.0559
14.9765
13.9457
14.1685
14.6473
14.6011
14.5472
13.7862
15.0508
14.5569
14.9475
13.5542
15.1727
14.362
14.177
14.4127
14.6604
13.8096
13.7218
13.8481
14.132
14.4085
14.463
14.4113
14.0322
15.4476
14.3174
14.0822
14.1619
14.4109
13.7309
14.7329
13.879
13.9257
14.0587
15.161
14.165
14.9379
14.3632
14.4272
14.3605
14.7961
14.2741
13.5083
14.7095
14.5033
13.742
14.728
13.7942
14.31
15.2742
13.5966
15.2239
14.3138
14.972
14.1334
15.27
13.8203
13.6472
14.5634
14.1299
14.9366
14.2269
15.0069
14.8138
13.9208
14.4678
14.157
13.6553
14.6352
14.514
14.1429
14.0132
14.7443
13.6154
13.6586
14.3211
14.0497
14.2657
14.5967
14.6806
13.7982
14.3533
13.6231
15.1058
14.0427
14.0465
14.0713
14.8196
13.9287
14.4088
15.2627
14.558
14.1995
14.7781
14.0507
14.7058
14.6
15.1545
13.3343
13.2991
13.805
14.794
14.301
14.6771
14.1355
14.3483
13.9038
13.8465
13.9714
14.126
14.0652
14.6148
13.842
13.4825
13.9333
13.7693
13.6688
14.1645
14.192
14.4363
14.4559
14.6226
14.6003
14.5403
14.8436
13.2539
13.8191
14.544
14.1295
14.0769
13.8147
15.7043
13.7845
15.6173
12.8349
14.5637
13.5111
15.1192
13.867
13.9448
15.0464
14.1621
13.3135
14.9285
14.152
14.2648
14.9236
14.9166
13.8748
14.1271
14.1037
13.6831
14.8027
13.6783
14.055
14.4805
14.4005
13.5733
14.6589
13.9978
15.0118
14.6613
13.7776
13.6471
15.092
13.6591
14.8871
14.426
15.3962
13.7903
15.2686
14.4267
14.5248
14.4765
15.4127
13.8496
14.8119
14.7371
14.6876
13.9264
14.7399
13.7125
14.4058
13.8353
14.6501
13.6412
14.9299
13.5447
14.2726
13.6827
13.9188
13.4476
15.0292
14.1755
14.0265
13.6167
14.7414
14.5856
14.3016
13.964
14.9903
14.8168
13.5636
13.8502
13.9186
14.5087
14.6845
14.1172
14.2608
14.3596
14.488
13.6358
15.6607
14.3335
14.0673
13.5719
14.4026
14.5875
14.1284
13.8515
14.8028
13.4918
14.5772
13.8123
14.8311
14.3068
15.2294
14.0112
14.7643
13.7611
15.026
14.1058
15.0095
14.2741
14.1668
14.3654
14.5435
14.1807
14.2992
13.9408
14.6893
15.1525
14.4013
13.5428
14.3195
13.5202
14.7333
14.2297
15.2079
14.1677
14.4406
14.1749
14.5754
13.5674
13.8271
14.4906
14.1533
13.7061
13.785
13.9797
15.1592
14.376
14.2349
13.9733
15.1687
13.1288
14.5969
13.5328
13.2834
13.6768
14.3065
13.5581
14.0009
14.1339
14.1725
14.3493
13.3963
14.734
13.3582
14.2611
14.0026
13.7989
13.9899
13.877
13.8572
15.2292
13.6059
13.759
14.9328
14.263
14.9422
14.6991
14.2495
13.9894
14.8815
13.9425
14.3686
13.555
14.1859
15.0865
13.9817
14.3193
14.1698
14.8685
13.8988
13.5351
14.0318
14.2956
14.5691
14.1467
12.9635
14.7692
13.9681
14.8842
14.3452
14.5268
13.9234
14.0843
14.0729
14.8966
14.223
14.6241
14.4628
15.2037
14.118
14.7622
14.2187
13.1917
14.5512
13.9779
14.8496
13.7808
14.4977
13.6266
14.3498
15.0932
14.0107
14.2018
14.7492
14.049
14.3709
14.4857
14.6075
14.4273
14.6148
13.7414
14.6849
