3.55512
4.04618
9.95238
9.65169
9.87508
6.91782
7.68374
8.02415
8.60333
9.8576
9.2022
9.25192
5.22814
8.72766
8.84419
8.00131
9.05749
9.21231
3.43206
8.45642
7.39184
11.3595
8.19192
6.86297
9.1875
10.337
5.99683
8.62214
9.15143
4.43509
11.4287
9.40828
6.97478
9.021
11.153
4.04837
8.64508
9.34928
5.9555
7.06193
9.88222
9.06785
8.77245
3.8222
7.28915
9.82377
9.12138
10.5491
11.0017
8.79399
6.35426
9.55575
9.02975
8.55376
6.1949
10.1009
6.90026
9.8164
4.57649
9.53002
9.85816
9.23364
4.6269
3.95972
8.69981
8.31966
9.56071
9.99235
11.5336
6.2005
6.3575
4.81499
9.2324
11.3243
8.76827
6.28432
11.4052
9.11616
10.4548
9.41774
6.82885
9.08803
8.50057
8.50617
9.67273
8.12436
5.06519
4.45158
9.65192
9.99253
9.0641
7.39854
8.39106
5.89221
4.28181
10.9688
8.58199
7.36933
8.57746
6.09853
7.90255
3.6958
5.77837
10.1193
9.58477
9.54734
10.9541
6.64818
8.87431
9.4377
8.46793
8.21125
5.58729
5.91618
9.40645
6.43525
6.74218
4.94572
9.74756
10.0353
10.8134
8.85914
5.64942
9.10911
3.83329
7.96945
4.13392
3.97388
8.60838
9.9068
8.57451
7.58232
6.35151
8.49361
9.00602
9.00756
5.48404
4.61511
8.91784
7.11095
10.3276
9.24743
4.84317
6.07892
6.24291
10.3459
8.92022
5.75209
5.67355
10.3459
10.5821
3.16724
8.85547
8.98698
9.14535
11.0927
7.96536
8.81018
10.9108
8.02248
9.37304
6.87389
5.11383
5.66624
6.06593
9.1575
6.48035
10.1403
7.79638
4.24065
10.9223
6.57193
8.91439
12.3872
6.20699
8.92013
7.74337
9.25083
8.85255
6.76442
5.48582
9.22507
8.80575
8.95549
12.5
3.98824
8.51127
8.33882
8.50589
4.42697
8.66988
8.91317
6.14776
5.88664
6.895
6.74419
9.98441
5.21319
8.50353
9.01121
8.48392
9.01361
4.64152
9.75818
6.5573
9.17265
9.78838
5.23262
9.20468
9.75358
9.10277
8.82054
6.90948
4.53153
7.95913
8.98653
3.87666
11.1519
6.53341
4.94394
4.37608
8.74535
10.524
9.20061
6.47258
5.49861
4.12079
8.58475
8.48746
9.30964
8.98442
12.2033
8.00517
3.75214
9.03188
6.70285
10.0187
8.38014
6.11956
4.61852
8.70002
3.65049
3.79344
10.891
9.31793
8.48919
6.84963
5.44006
5.27758
4.10261
10.004
7.10673
8.64518
4.98231
10.5372
6.3712
10.038
11.2432
5.15392
6.62672
8.98845
8.8684
8.88428
8.59909
8.35084
8.89774
5.85666
5.20624
8.6765
8.87326
6.6963
8.12012
9.05855
9.03619
9.18397
10.7752
8.20526
7.06518
9.906
6.715
8.48309
9.14678
8.98907
7.44087
9.24304
4.96563
3.27213
8.2088
5.6611
7.83012
4.95004
9.08701
4.48053
5.41254
3.19499
4.95501
7.02266
8.75326
9.4662
8.90655
9.32451
8.99593
6.3148
9.08884
10.4868
8.32962
4.47384
8.39155
6.24236
4.59223
7.615
7.2371
6.72057
6.41427
7.70826
7.56941
10.5385
9.2547
4.70221
7.13318
4.96286
6.1123
4.29294
5.99994
6.98391
7.45376
3.81034
7.36767
8.5198
8.78673
5.81807
5.12798
8.17289
4.96247
9.20788
4.964
9.62632
4.57577
5.26581
6.72513
3.6915
7.88628
9.74954
9.12366
6.55046
8.63732
3.99276
5.12695
9.12286
8.45152
4.00481
8.75853
9.04183
8.85986
9.24124
4.4811
8.92806
10.2123
7.8079
9.21527
8.83909
9.09492
9.4978
9.09911
9.17977
4.22246
4.67143
8.60041
10.0968
6.70802
7.04251
9.15096
9.42238
7.06516
8.8702
9.14637
6.95196
5.28852
9.68066
11.8177
9.11284
12.2618
8.92472
9.29135
11.4053
8.94309
9.43617
4.19578
8.96357
3.45789
6.90591
8.88281
4.84256
4.20514
8.87682
8.17513
6.74135
8.80111
5.24357
9.67322
11.2343
5.73533
8.20975
5.45646
4.47856
5.48025
9.77297
7.66058
3.7594
8.5226
2.63899
8.74022
8.29659
8.69136
6.82954
8.8892
9.10771
8.55882
8.79809
4.48841
7.64687
10.5148
4.89046
3.73328
8.60798
8.88679
5.7072
10.9323
5.78267
10.7822
10.226
6.39743
3.62219
6.93646
9.93598
4.74169
8.73341
8.82667
10.1626
10.3207
9.6573
4.91863
10.6564
2.83223
8.9162
9.4061
9.98775
6.39813
9.55326
11.4408
10.5968
6.99005
8.99388
10.4698
5.81994
10.1804
12.2602
8.88197
11.6578
8.48825
8.69161
9.38098
8.2923
8.16777
5.20266
9.02328
6.7641
10.5489
10.2692
9.81266
8.98246
9.19296
8.48846
10.5442
9.35864
10.2304
10.3826
6.75422
8.63113
7.89231
9.07172
9.06042
13.3704
9.6663
9.03002
8.9955
3.97866
8.17824
6.89893
7.74159
8.57307
8.49842
3.74377
8.39638
3.59284
7.17129
7.5974
8.87338
7.48442
9.50396
7.16457
7.40556
8.86554
9.9727
7.32069
7.08321
5.64684
3.09608
8.84754
5.2117
6.73259
9.23369
9.50164
8.15485
11.93
9.45573
10.4724
3.63914
9.02737
9.06287
7.00091
8.14714
8.00178
6.295
7.83123
5.48584
8.3693
6.61352
5.71556
9.07899
9.63931
6.49528
5.17668
6.18409
11.9151
6.77708
7.16917
4.11578
8.42118
10.2193
10.1064
8.75059
8.91063
10.1542
6.0553
9.14804
9.14971
12.9562
9.09768
6.6973
8.92674
7.95257
7.27115
5.66117
8.13583
4.80747
8.98693
6.65295
6.99101
8.91618
10.0413
6.36289
5.42489
5.30134
8.90778
7.53195
8.72817
7.99757
8.66356
8.82303
6.48044
11.6598
4.13688
12.0458
3.51955
7.04729
5.55279
6.51959
8.84246
8.7058
9.05758
9.03387
9.87104
6.35747
9.62327
8.62835
9.46321
7.11472
8.78489
9.74397
8.65953
4.79138
10.4275
8.33201
10.9741
8.97268
10.5678
7.07848
8.56359
9.07154
8.91405
4.06726
5.73839
8.77274
11.3269
8.96245
7.74772
5.04404
5.13227
8.43575
7.81302
6.24286
6.08565
7.35482
7.42979
9.32909
10.083
8.57846
10.6564
7.67985
4.84075
8.7487
10.7175
7.00536
9.97443
4.93613
8.16029
4.24808
8.6222
8.3405
8.428
8.78617
7.61352
9.60618
7.55632
10.322
7.31373
5.35726
8.39059
4.95985
5.28645
9.62148
5.22725
8.56793
10.4142
6.92897
3.51814
9.20846
7.03262
11.2931
9.15761
6.70209
4.50618
8.66738
8.5562
2.77944
3.8101
8.94858
7.11561
4.97298
8.72957
4.06043
9.58446
5.29141
10.2624
3.93746
8.95641
8.21727
9.13228
4.72034
9.36875
7.39631
8.96494
7.60417
8.27957
8.07969
9.08705
5.1504
9.32204
4.52378
8.29044
7.77071
5.62707
5.04533
7.58994
10.5212
8.73246
8.60057
8.74516
8.68676
3.62943
8.65055
10.3458
8.60666
10.5458
9.03541
9.98972
5.51558
10.3643
5.64979
5.02067
11.0303
7.62768
5.56523
5.46785
5.70676
4.05029
9.74039
7.74785
7.79523
5.23597
6.91949
5.03338
5.88654
9.78761
8.30163
10.7468
9.66187
8.91004
6.84356
5.92773
8.56039
6.90953
8.60286
6.64029
9.95703
5.58737
4.88802
8.79024
9.13461
5.39197
5.29637
5.67757
8.7973
5.75446
9.36261
9.00188
6.95247
7.3218
7.87626
9.76241
7.95318
7.18041
9.20378
8.77575
8.78221
6.33539
8.81506
3.95541
5.80411
11.2996
9.27162
9.01466
8.31767
10.3019
8.92337
10.3747
8.8779
9.32429
4.28188
8.15901
5.82993
4.34979
4.16732
7.42146
8.70667
9.06559
9.44149
8.87624
5.28859
9.04719
9.84574
9.09398
4.11496
4.47618
8.7691
10.8384
9.12856
10.0591
9.84787
5.27164
6.27252
8.8277
4.57288
4.05538
9.44414
9.11204
9.56152
9.03826
7.77617
9.09793
8.16135
8.27342
5.73609
7.76948
3.62354
7.48741
5.69693
8.33967
8.9746
6.35188
5.42296
4.83128
11.2099
6.54278
8.69983
10.0212
4.02221
6.91721
3.93139
10.9315
11.9991
4.20614
3.5716
9.41238
7.97923
9.11902
5.14129
6.44173
10.6586
9.57018
4.70845
12.1602
6.12246
8.19932
8.80722
10.7689
9.5412
8.18149
4.56064
4.28921
5.91922
6.94954
9.02015
4.16807
9.34708
7.04673
5.41548
9.71739
9.81133
11.9846
3.46143
8.30925
6.66095
5.48669
6.65993
8.77722
8.95968
8.65672
7.27412
9.72056
6.11566
8.84315
9.50851
8.5952
10.6101
8.85913
9.84227
10.1505
8.9228
7.56923
8.94096
10.0601
8.21121
8.49205
8.03171
8.79173
7.08355
8.42799
9.35464
7.68359
9.99556
10.1986
5.90548
8.06323
10.2938
5.2638
4.24033
5.8655
2.93782
5.10746
9.36914
7.84892
6.40852
8.47621
4.04905
4.30481
8.9767
6.0598
8.89515
7.79343
4.99274
9.55268
9.83002
8.79045
4.94731
8.83421
7.16139
5.72071
8.22907
7.11201
8.8015
5.8276
7.74323
10.1832
8.33487
9.03194
6.77837
7.4215
6.95049
5.87362
6.01489
8.24886
9.03401
7.80891
9.14354
11.8896
5.66196
7.72099
8.6206
6.97512
7.44417
7.16261
6.83107
8.84354
9.64866
4.27937
8.61523
9.11243
9.45644
8.33456
5.38156
7.96195
8.34926
7.25927
4.80361
7.62847
7.23412
9.08798
3.15884
5.64933
9.26882
4.6142
8.63696
10.2315
5.5285
10.5776
5.89322
4.32831
8.9143
4.52884
9.71367
6.3316
9.24466
8.63419
7.77177
5.42651
7.21199
8.88081
4.92383
9.12265
8.85314
9.38895
6.95152
4.80088
6.7227
9.70777
9.07448
3.50588
11.6403
3.894
9.60837
6.71105
11.1133
9.02309
6.43483
7.58837
4.61796
4.09636
5.27579
7.24108
7.75888
10.7225
8.4693
5.34165
3.67451
9.81781
8.40711
7.94653
8.47697
9.70052
8.33075
8.75571
9.13459
6.6171
4.19709
7.16165
7.44908
9.26684
4.84764
