2.81996
3.2812
6.622
7.06756
6.87823
5.4016
5.70703
6.3582
6.56887
6.64025
6.78696
6.98781
3.97855
6.72652
6.66986
6.18198
6.66961
6.65881
2.56212
6.22363
5.54444
8.06079
6.51983
5.34716
6.81724
6.99299
4.46396
6.43173
6.76475
3.22655
8.93688
6.35488
5.26537
6.63615
8.0956
3.09156
6.68003
6.72914
4.46419
5.18036
7.52629
6.47339
6.54117
2.935
5.55771
6.63826
6.64526
7.15234
7.92959
6.71699
4.86694
6.98689
6.66093
6.43924
4.61077
7.13469
5.17454
7.53324
3.41085
6.50098
6.95329
6.4726
3.53787
3.04543
6.44713
6.37559
6.61005
7.20378
8.54226
4.92395
4.78004
3.84249
7.10295
8.68176
6.4861
4.74577
8.4911
6.62507
7.73039
7.12608
5.1808
6.68488
6.28304
6.50856
6.71648
6.52389
3.71645
3.35122
6.41108
6.85466
6.78259
5.67501
6.32106
4.47565
3.4149
7.67997
6.44716
5.73213
6.08948
4.63639
5.91297
2.9954
4.40209
6.77822
6.49378
6.93903
8.30369
5.10639
6.61434
6.5314
6.37563
6.22851
4.16848
4.53229
6.85658
4.81773
5.19774
3.77538
6.70293
7.01245
7.60276
6.7128
4.4162
6.74592
2.87566
5.89244
3.16886
3.16503
6.36353
7.31047
6.47674
5.99474
4.68132
6.67348
6.63949
6.55281
4.38802
3.62933
6.75289
5.3932
7.31598
6.94955
3.62867
4.73432
4.77516
7.26986
6.57037
4.49738
4.19776
7.48226
7.58034
2.51685
6.62685
6.53434
6.58208
8.06405
6.10361
6.37749
8.18679
6.01541
6.4865
5.14627
4.08693
4.15659
4.66964
6.69166
4.94337
6.87084
6.06936
3.09398
7.92871
4.85899
6.83792
9.49919
4.84666
6.71994
6.02299
6.77769
6.75128
5.20689
4.35052
6.86757
6.73874
6.51629
10.3338
2.98987
6.34105
6.20064
6.29607
3.48469
6.36483
6.68452
4.69666
4.40041
5.15006
5.0789
6.77773
4.02183
6.57159
6.62878
6.47473
6.466
3.7316
6.46436
4.96242
6.50295
6.78809
4.15059
6.75108
7.67342
6.58392
6.78257
5.22342
3.58441
5.96311
6.66222
3.05098
7.85792
4.87121
3.76099
3.55026
6.27217
7.84574
6.39154
5.15122
4.25848
3.30291
6.37575
6.48631
6.45415
6.37133
9.25794
6.14867
2.80799
6.85054
5.00141
6.74206
6.06778
4.65715
3.59994
6.73917
2.86845
3.03952
8.67622
6.75196
6.51803
5.22832
4.19337
4.0868
3.18282
7.13927
5.65028
6.63977
3.97015
7.60535
4.8937
6.87162
8.2815
4.05999
5.11255
6.66986
6.88971
6.75903
6.66631
6.44268
6.47745
4.58806
4.08162
6.52315
6.83919
5.2795
6.39638
6.67139
6.43448
6.5858
7.79306
6.52136
5.63987
6.75565
5.38332
6.65154
6.65722
6.86358
5.68663
6.72389
4.10825
2.71127
6.21096
4.65463
6.16818
3.89395
6.99569
3.50475
4.36515
2.6719
3.7804
5.52032
6.70461
7.05781
6.86549
7.44614
6.89432
5.11939
6.76537
8.00588
6.56581
3.63476
6.65992
4.89347
3.52252
6.06571
5.6693
5.38468
4.7392
5.9902
5.72832
7.40386
6.79456
3.64134
5.41764
4.03038
4.54639
3.52263
4.53962
5.52131
5.6179
2.92236
5.70495
6.56109
6.36073
4.51217
3.85125
6.29898
3.81779
6.72093
3.72615
6.69772
3.56863
4.09693
5.06023
3.00438
5.88413
7.39498
6.71329
5.23295
6.54038
3.11698
3.85646
6.93667
6.17009
3.1822
6.60683
6.60137
6.62274
7.03546
3.56248
6.83007
7.17158
6.14156
6.59023
6.57565
6.79773
6.76347
6.726
6.4591
3.19417
3.63508
6.48098
7.50586
5.02344
5.37457
6.3903
6.71402
5.36574
6.51343
6.42018
5.20474
4.27224
6.74712
9.25657
6.74482
9.44789
6.67115
6.841
8.70991
6.97941
6.38777
3.36975
6.57391
2.80305
5.12571
6.76584
3.64697
3.21703
6.50177
6.19767
5.30526
6.5263
3.89465
6.46379
8.46385
4.39031
5.93849
4.36329
3.52011
4.33074
6.63779
5.97242
2.93522
6.37608
2.08451
6.65238
6.03332
6.5577
5.2674
6.44065
6.52752
6.4989
6.50656
3.51783
5.74061
7.65467
3.86809
2.83923
6.22131
6.40684
4.24597
8.51801
4.45635
8.1316
7.21284
4.77902
2.77474
5.26467
6.68451
3.78845
6.6548
6.6438
6.96413
7.19477
6.57401
3.98158
7.55046
2.31956
6.48698
6.86559
6.86274
4.88259
6.5844
8.76498
7.32049
5.44039
6.65989
7.18408
4.37079
7.42602
9.56473
6.5668
8.45648
6.3111
6.5791
6.57295
6.5175
6.07216
3.83222
6.52631
5.25016
7.34442
6.95303
6.92225
6.64442
6.90744
6.51295
8.12817
6.51196
7.08544
7.15264
5.30975
6.35941
5.96424
6.5896
6.65075
11.1647
6.86572
6.4421
6.92757
3.18527
6.27452
5.09355
5.55628
6.48913
6.43497
2.89004
6.342
2.76953
5.38377
5.78948
6.31315
5.69392
6.95716
5.55237
5.42803
6.76357
7.06784
5.61439
5.40046
4.38316
2.478
6.77775
4.04064
5.31502
6.72408
6.75846
5.98433
9.43064
6.71141
7.07219
2.73936
6.47865
6.67405
5.37061
6.15449
6.19418
4.86675
6.03469
4.11151
6.19552
5.12056
4.48047
6.93147
6.75478
5.10253
3.97825
4.7599
8.73795
5.1361
5.39529
3.138
6.21811
7.65915
7.2959
6.76279
6.43334
7.15286
4.47915
6.78237
6.77859
10.5517
6.71294
4.95735
6.88102
6.01286
5.44434
4.25251
6.11428
3.84078
6.4709
5.10484
5.37063
6.57753
7.74585
4.94463
4.1884
4.00936
6.5622
5.80155
6.52518
6.0885
6.38728
6.80305
5.09552
8.44317
3.12524
9.34672
2.86329
5.35487
4.26149
5.02017
6.19768
6.76047
6.34916
6.92554
6.91018
4.9518
7.62182
6.51665
6.49135
5.27734
6.64773
7.06203
6.86487
3.55135
8.09248
6.25341
8.23411
6.48249
7.27276
5.46682
6.23708
6.46497
6.41233
3.09113
4.38168
6.45546
8.15965
6.77293
6.22264
4.0061
4.05154
6.41258
5.86179
4.98998
4.75777
5.84194
5.7013
7.13507
7.1075
6.57471
7.68948
6.11104
3.61251
6.6851
8.02529
5.35971
6.9736
3.99562
6.16053
3.46435
6.37939
6.58122
6.13209
6.56226
5.75143
6.50913
5.90142
7.3362
5.44177
4.14223
6.37457
3.83217
4.09185
6.65106
3.91727
6.60624
7.45968
5.37015
2.72401
7.0529
5.55347
8.41194
6.73471
5.27744
3.54572
6.67412
6.41933
2.13783
3.04534
6.54475
5.38687
4.06215
6.65862
3.3298
6.91946
4.066
7.482
3.01175
6.70285
6.28444
6.51744
3.74328
6.83253
5.8911
6.88916
5.68578
6.49831
5.8705
6.50399
4.11352
6.67339
3.41196
6.46421
5.8623
4.5427
3.9865
5.81411
7.94666
6.52003
6.45945
6.6171
6.51532
2.76974
6.44498
7.95288
6.78111
7.68765
6.69932
6.90681
4.24214
6.99894
4.30107
3.83855
8.17204
5.62132
4.21994
4.28728
4.52689
3.07782
7.1077
6.0502
5.8606
4.13493
5.32907
3.89326
4.41844
6.7272
6.31101
7.40617
6.50926
6.8014
5.19941
4.71583
6.55095
5.3514
6.50611
5.17924
6.632
4.28836
3.8235
6.66608
6.46821
4.07137
4.07341
4.36081
6.8585
4.31893
6.47766
6.44483
5.45628
5.79447
6.07618
6.91374
6.11138
5.39581
6.94735
6.65737
6.59088
4.88452
6.80536
3.1302
4.64994
8.72639
6.56389
6.48892
6.53477
7.26547
7.14756
6.98391
6.69675
7.08652
3.33118
6.01274
4.50305
3.46654
3.25142
5.57302
6.56305
6.3871
6.62194
6.63163
4.03427
6.73305
6.70831
6.4328
3.2769
3.5109
6.70812
8.09568
6.69868
7.42203
7.4306
3.96728
4.96479
6.3368
3.68791
3.34376
6.43453
7.13415
6.37469
6.46409
5.78016
6.84463
6.04538
6.10195
4.36287
6.0906
2.98942
5.58588
4.56285
6.18534
6.69506
4.74061
4.08986
3.99127
8.30091
4.98721
6.3052
7.3282
3.14058
5.26463
3.16726
8.66887
9.36849
3.22599
2.88126
7.45909
6.31807
7.11464
4.06124
4.95485
7.3536
7.58049
3.54794
9.70625
4.57031
6.33158
6.45673
7.77048
6.49568
6.2505
3.43027
3.53245
4.36443
5.49889
6.7273
3.24566
6.53053
5.49912
4.28411
7.04386
6.88366
9.59111
2.56984
6.36226
5.01245
4.28313
5.12256
6.73199
6.74262
6.46663
5.56935
6.71783
4.77112
6.80791
7.08656
6.54436
7.46177
6.74903
7.07935
7.13566
6.33171
5.81017
6.80371
6.90115
6.11444
6.61019
6.04181
6.60049
5.39938
6.20224
6.60859
5.94772
7.39315
7.36957
4.53306
6.36637
7.43411
4.15318
3.29204
4.38
2.27328
3.90138
6.40368
6.05187
4.9428
6.30728
3.24099
3.2312
6.85964
4.63483
6.86783
5.9327
3.77374
6.60676
6.70694
6.63833
4.09067
6.40374
5.41129
4.3711
6.08262
5.3399
6.70667
4.6264
5.64493
7.08882
6.20647
6.91554
5.12052
5.85117
5.31632
4.79277
4.52416
6.48286
6.50379
6.01382
6.54838
9.31423
4.25583
6.19933
6.35886
5.51271
5.58255
5.68912
5.09654
6.50759
6.44561
3.30233
6.393
6.58197
6.33809
6.54632
4.22269
6.13283
6.36456
5.57189
3.5843
5.59852
5.5579
6.79973
2.54498
4.20998
6.58403
3.44641
6.73827
7.0512
4.23159
7.96953
4.41571
3.38333
6.81503
3.7184
7.05977
4.8788
6.65931
6.62079
6.25189
4.22134
5.5882
6.80544
3.767
6.38178
6.82523
6.55421
5.42258
3.63595
5.00074
6.61277
6.40202
2.76883
9.03212
3.07863
6.66917
5.27991
8.6092
6.61559
5.05615
5.83838
3.72316
3.09937
4.2024
5.62385
5.9716
8.14656
6.54344
4.32819
3.03448
7.61562
6.55028
5.8542
6.63224
7.12157
6.08155
6.54953
6.55659
4.97564
3.22635
5.62814
5.80446
6.64515
3.70054
