1.2607
1.23314
1.50293
1.36563
1.4357
1.2807
1.34636
1.26202
1.30971
1.48452
1.35586
1.32401
1.31408
1.2975
1.32599
1.2943
1.35802
1.38348
1.33954
1.35876
1.3332
1.40923
1.25646
1.28348
1.34769
1.47819
1.34339
1.34056
1.35281
1.37456
1.27883
1.48048
1.32465
1.35937
1.37766
1.30949
1.29417
1.38937
1.33406
1.36321
1.31303
1.40079
1.34111
1.30228
1.31154
1.47987
1.37261
1.47492
1.38743
1.30922
1.3056
1.36767
1.35563
1.32838
1.34357
1.41575
1.3335
1.30308
1.34175
1.46594
1.41777
1.42657
1.30782
1.30022
1.34941
1.30492
1.44639
1.3871
1.35017
1.25925
1.33001
1.25309
1.2998
1.30438
1.35186
1.32419
1.34319
1.37601
1.35243
1.32159
1.31811
1.35949
1.35294
1.30692
1.44015
1.24533
1.36291
1.32835
1.50551
1.45777
1.33638
1.3037
1.32748
1.31651
1.25386
1.42824
1.33113
1.28562
1.40857
1.31536
1.33648
1.23382
1.31264
1.49291
1.47599
1.37589
1.31919
1.30193
1.34168
1.44497
1.32817
1.31833
1.34037
1.30534
1.37189
1.33574
1.29714
1.30999
1.45422
1.43107
1.4223
1.31974
1.27925
1.35031
1.33301
1.35249
1.30455
1.25555
1.35277
1.35515
1.32389
1.26483
1.35678
1.27274
1.35643
1.37461
1.24978
1.27161
1.3206
1.3185
1.41166
1.33065
1.3347
1.28401
1.30737
1.42313
1.35764
1.27899
1.35157
1.38273
1.39599
1.25841
1.3363
1.37535
1.38943
1.37557
1.30502
1.38145
1.33273
1.33366
1.44501
1.3357
1.25126
1.36319
1.29902
1.36849
1.31092
1.47584
1.28455
1.37061
1.37757
1.35253
1.30367
1.30402
1.28067
1.32741
1.28564
1.36489
1.31124
1.29913
1.26096
1.34328
1.30674
1.37432
1.20963
1.33392
1.34225
1.34483
1.35098
1.27041
1.36215
1.3334
1.30896
1.33775
1.33882
1.32788
1.47312
1.29622
1.29398
1.35941
1.31031
1.394
1.24384
1.50954
1.32139
1.41054
1.44199
1.26069
1.36344
1.27109
1.38258
1.30047
1.32279
1.26423
1.33473
1.34888
1.27063
1.4192
1.34123
1.31453
1.23261
1.39431
1.34136
1.4395
1.25651
1.29121
1.24763
1.34647
1.30852
1.44243
1.41013
1.31814
1.30193
1.33624
1.31842
1.34019
1.486
1.38109
1.31401
1.28294
1.29096
1.27264
1.24804
1.25527
1.38003
1.30242
1.3101
1.2973
1.29137
1.28899
1.40126
1.25777
1.30203
1.25494
1.3855
1.30192
1.46079
1.35762
1.26944
1.29617
1.34762
1.2872
1.31443
1.28993
1.29618
1.37365
1.2765
1.27553
1.33011
1.29741
1.26836
1.26949
1.35782
1.40434
1.39451
1.38267
1.25821
1.25272
1.46633
1.24737
1.27536
1.37396
1.30968
1.30848
1.37466
1.2087
1.20686
1.32166
1.21623
1.26944
1.27121
1.29894
1.27842
1.23994
1.19577
1.31071
1.27215
1.30556
1.34124
1.29729
1.25226
1.30483
1.23351
1.34344
1.30989
1.26864
1.23085
1.26001
1.27565
1.30368
1.25542
1.27654
1.24809
1.35345
1.28681
1.3214
1.42338
1.36207
1.29134
1.31666
1.23136
1.34443
1.21867
1.32168
1.2649
1.32679
1.30386
1.29145
1.29853
1.3814
1.28942
1.33151
1.29749
1.29983
1.37003
1.33221
1.43725
1.28222
1.2853
1.32902
1.2287
1.34026
1.3184
1.35904
1.25177
1.32061
1.28097
1.32944
1.31516
1.36976
1.2585
1.32568
1.36969
1.33779
1.31352
1.25786
1.30717
1.424
1.27132
1.39832
1.34421
1.33794
1.40428
1.35283
1.42121
1.32193
1.2851
1.32702
1.34518
1.33535
1.31034
1.43201
1.40339
1.31672
1.36183
1.42463
1.3357
1.23788
1.43478
1.27668
1.35109
1.29784
1.33781
1.35819
1.30946
1.28135
1.47723
1.24513
1.36351
1.23362
1.34731
1.31289
1.32783
1.30715
1.36529
1.31906
1.27069
1.34856
1.34635
1.49652
1.32732
1.30636
1.38246
1.25054
1.27228
1.26543
1.47232
1.28266
1.28079
1.33665
1.266
1.31385
1.37513
1.32537
1.29657
1.38017
1.39528
1.31696
1.35219
1.2759
1.33207
1.37364
1.26431
1.31489
1.38363
1.38708
1.34415
1.28344
1.29762
1.32597
1.41775
1.33865
1.30542
1.31755
1.48642
1.25162
1.31235
1.32856
1.45928
1.43448
1.46901
1.23535
1.41136
1.22102
1.37448
1.37003
1.45536
1.31039
1.45089
1.30529
1.44756
1.28485
1.35045
1.45736
1.33155
1.37091
1.28181
1.35256
1.37857
1.34497
1.32109
1.42721
1.27231
1.34512
1.35761
1.3826
1.28836
1.43632
1.47694
1.41755
1.35188
1.33088
1.30332
1.29724
1.43715
1.44386
1.45158
1.27204
1.35722
1.32327
1.37667
1.36231
1.19756
1.40791
1.40172
1.29851
1.24908
1.30341
1.35444
1.3933
1.32114
1.32066
1.2954
1.32393
1.29727
1.33202
1.31228
1.40554
1.31446
1.36607
1.29036
1.36432
1.31078
1.411
1.30392
1.31159
1.2883
1.24943
1.30538
1.28982
1.26671
1.37323
1.40589
1.3627
1.26502
1.4089
1.48079
1.32846
1.3934
1.35793
1.30356
1.32377
1.29182
1.29347
1.2977
1.33426
1.35086
1.29156
1.27566
1.30982
1.42704
1.27295
1.30124
1.29921
1.36361
1.3195
1.32878
1.3116
1.3543
1.33426
1.38521
1.29393
1.38507
1.41959
1.35189
1.3488
1.3498
1.22788
1.35525
1.35098
1.2973
1.32259
1.33554
1.33125
1.33063
1.25169
1.38882
1.30326
1.30171
1.35555
1.29634
1.28683
1.29522
1.32224
1.35744
1.29827
1.33761
1.31355
1.35638
1.29692
1.27179
1.38098
1.3237
1.28878
1.2292
1.31605
1.30302
1.29868
1.42674
1.28775
1.42658
1.30443
1.42848
1.28387
1.26259
1.32405
1.45782
1.34816
1.32149
1.37977
1.26143
1.34917
1.28854
1.33239
1.33276
1.38414
1.45306
1.29481
1.37301
1.40318
1.39014
1.31579
1.30963
1.35896
1.38816
1.32327
1.24509
1.25909
1.26674
1.3155
1.33287
1.25108
1.2791
1.25897
1.30317
1.3075
1.41864
1.30477
1.38584
1.25672
1.34
1.30869
1.33547
1.30704
1.43031
1.23538
1.32461
1.22623
1.35157
1.26732
1.37441
1.33889
1.32376
1.4758
1.28042
1.40699
1.344
1.29333
1.31626
1.29426
1.29195
1.44661
1.33441
1.29695
1.39606
1.29028
1.29153
1.30563
1.26635
1.34251
1.35976
1.26995
1.27088
1.29865
1.33288
1.30012
1.25112
1.36729
1.32092
1.22422
1.31102
1.21942
1.38515
1.30138
1.37161
1.30737
1.33621
1.30756
1.40121
1.26102
1.3712
1.25551
1.30131
1.3374
1.27411
1.37632
1.39715
1.25207
1.3969
1.32586
1.28251
1.32554
1.23871
1.26561
1.30543
1.32398
1.33933
1.33147
1.3216
1.33328
1.31038
1.34222
1.30088
1.26921
1.37179
1.3487
1.44636
1.30019
1.48084
1.31358
1.30796
1.34977
1.35692
1.3188
1.27537
1.26064
1.31596
1.3704
1.28059
1.33011
1.26628
1.29844
1.29284
1.33227
1.45493
1.31542
1.45107
1.48433
1.31003
1.31622
1.25698
1.30674
1.29116
1.32228
1.2821
1.50136
1.30291
1.27841
1.31865
1.41223
1.32436
1.30023
1.30195
1.28269
1.33238
1.44537
1.39676
1.27422
1.26358
1.29625
1.41203
1.30137
1.33074
1.32479
1.3182
1.33248
1.29703
1.29531
1.26363
1.24821
1.29488
1.41252
1.38924
1.27283
1.41793
1.24845
1.48551
1.3257
1.31578
1.2854
1.35695
1.29466
1.25479
1.28169
1.33168
1.32662
1.41936
1.42579
1.33847
1.31092
1.3437
1.46769
1.41369
1.25575
1.27494
1.30724
1.33879
1.36274
1.3553
1.32531
1.32878
1.2634
1.39308
1.23996
1.21282
1.46773
1.27724
1.49992
1.39823
1.34532
1.32921
1.35001
1.35587
1.31475
1.27565
1.21212
1.34042
1.24855
1.3483
1.34048
1.33989
1.32595
1.21046
1.35044
1.31191
1.37979
1.36748
1.28072
1.3139
1.24126
1.26101
1.2808
1.30383
1.23959
1.26187
1.26292
1.28173
1.26594
1.30009
1.44944
1.26248
1.32709
1.25282
1.33962
1.29499
1.36404
1.38587
1.46885
1.30893
1.32953
1.21423
1.35624
1.26381
1.34083
1.2842
1.43129
1.28143
1.26409
1.37955
1.42531
1.24955
1.34695
1.30602
1.32888
1.281
1.30012
1.30381
1.32881
1.33868
1.3061
1.44698
1.28181
1.29895
1.34177
1.31338
1.42193
1.31265
1.39028
1.42251
1.40922
1.30276
1.31413
1.45774
1.34292
1.28469
1.32935
1.33198
1.31192
1.35886
1.41553
1.29186
1.352
1.38388
1.30276
1.26653
1.38468
1.26742
1.28805
1.33915
1.29233
1.30914
1.46309
1.29694
1.29653
1.34388
1.24932
1.33227
1.30863
1.30745
1.29519
1.31364
1.32302
1.44589
1.46565
1.3242
1.20941
1.37954
1.32342
1.30876
1.35288
1.33186
1.31235
1.25964
1.37172
1.43652
1.34293
1.30604
1.32377
1.26838
1.30739
1.22552
1.3295
1.27241
1.38904
1.29849
1.39631
1.2765
1.3304
1.24546
1.35568
1.26528
1.33347
1.259
1.34033
1.35896
1.49693
1.29586
1.3476
1.38445
1.492
1.27317
1.27444
1.29825
1.31184
1.30284
1.34018
1.36259
1.30159
1.33652
1.2412
1.34189
1.40777
1.33884
1.28178
1.45103
1.30648
1.32725
1.33461
1.27931
1.30804
1.21795
1.37592
1.29778
1.38823
1.3041
1.24311
1.28549
1.29058
1.30496
1.3071
1.42948
1.29712
1.43251
1.28196
1.32039
1.34434
1.46803
1.41744
1.26619
1.28877
1.26485
1.44072
1.27105
1.29087
1.36391
1.27267
1.29974
1.24033
1.32167
1.25542
1.28757
1.2993
1.3162
1.29432
1.23415
1.21092
1.28917
1.28347
1.35741
1.27815
1.36213
1.36984
1.33685
1.39319
1.3299
1.30088
1.27247
1.28334
1.39453
1.30998
