9.2203
9.78889
9.71803
10.2079
10.0379
10.3197
9.89594
10.0525
9.87961
9.65968
9.68253
10.3012
10.1183
9.73565
9.79581
9.96365
10.4751
10.2079
9.64559
10.1487
9.87157
10.1886
9.33254
9.92639
10.2209
10.1072
9.27116
9.45787
10.1767
10.0414
10.461
9.78138
9.99932
10.1647
9.84333
9.94703
10.1751
9.70781
10.1227
9.80221
9.78107
10.2721
9.69847
9.30864
9.99107
10.2688
9.68914
10.5397
9.87018
9.53706
9.8114
9.5777
9.72567
9.93276
9.68257
9.82527
9.81443
10.0219
10.5873
9.59615
10.0335
9.71681
9.77115
9.71057
9.86346
9.74713
10.0457
10.4575
10.0429
9.75092
10.2536
10.0246
10.0705
9.85217
9.98834
10.0177
10.1883
9.6732
10.4105
10.126
10.1643
10.3356
9.75831
9.80336
9.7199
10.1394
9.29119
9.8092
10.2069
10.6177
10.0305
9.98602
9.50724
10.2024
9.98056
9.55793
9.72916
10.1554
10.1866
10.1456
9.8923
10.3476
10.4243
10.613
9.52158
9.8498
9.76436
9.92588
9.99062
9.79716
10.2694
9.031
9.95431
10.2098
9.35138
10.0219
9.37038
10.0401
9.76217
10.4088
10.1622
10.45
9.87548
10.2768
10.1797
9.59639
10.2319
10.1486
9.79288
10.4852
10.2254
10.1216
10.208
9.69835
10.0392
9.90477
9.79046
10.2223
9.39053
10.0215
9.69861
9.99186
10.5319
10.2828
9.44107
10.3724
10.4731
9.90816
9.83684
10.104
10.4746
10.1048
10.178
9.90024
10.2909
10.3633
10.2377
10.1223
9.72863
10.2734
10.3142
9.72359
9.78783
9.81706
9.47834
10.3558
9.65101
10.175
9.40183
10.1868
9.86062
10.3301
9.22748
9.6656
10.4153
9.94567
10.0982
9.73206
9.84211
9.9907
10.0845
10.5012
10.1627
10.1432
9.69898
10.1169
9.52539
9.92116
9.51533
9.41512
10.1846
9.75582
9.77756
10.1187
9.62532
9.76342
9.6709
10.0398
9.78239
9.64152
9.52082
9.76805
9.48785
9.60074
9.82874
9.77718
10.0374
10.1615
10.021
9.59074
9.75269
9.57965
10.1264
9.78743
10.176
9.615
9.46076
9.98179
10.1609
9.94492
9.89983
10.1502
9.64404
9.86932
10.0892
9.71727
9.74175
9.93011
9.62053
10.3105
9.60655
9.68674
9.84685
10.433
10.436
9.70873
9.70238
9.94458
9.73603
9.62459
9.72659
9.55307
9.47238
9.66481
9.35054
9.33116
9.77226
10.0405
9.78186
10.4259
10.0488
9.4088
10.0069
10.378
9.96077
10.0346
9.78054
10.3527
9.9491
9.6599
10.4684
9.55427
10.0229
9.7895
10.4382
10.1269
9.30304
10.1153
10.2029
9.40557
10.0036
9.6628
9.77475
9.79446
9.78303
9.61336
9.4879
10.2461
9.62342
9.98339
9.96365
9.8799
10.0751
9.61258
10.1264
10.4548
9.90175
9.87252
9.32461
10.308
9.49172
9.77669
9.69714
10.0799
10.0226
9.54557
10.1453
9.53217
10.0189
9.7331
9.95088
10.2083
9.86312
10.0072
9.83221
10.0831
10.3068
10.0173
9.85516
9.60386
10.2005
9.82419
10.1376
9.91952
10.1194
9.70867
10.0425
9.61802
9.95588
10.3377
9.55254
10.1598
9.38707
9.97072
10.2894
9.92436
9.48328
9.71624
9.63837
10.1743
10.2867
9.57301
9.80829
9.76726
9.76115
10.0643
9.96581
9.87189
9.72443
10.1318
10.1169
9.82644
9.62211
10.1422
9.35612
9.76691
10.232
9.54879
10.0595
9.76933
9.94161
9.75124
10.1992
10.5219
10.3672
9.33722
10.1031
10.3558
9.85753
10.3438
10.3769
10.3937
9.86076
9.96261
10.1181
9.7425
9.72192
10.0836
9.87607
9.85631
10.3634
9.68902
9.56806
9.72775
9.17943
9.76581
9.73133
9.78894
10.0389
9.80542
10.3697
10.1738
9.41823
9.87975
9.57857
9.47831
9.54482
9.84511
9.73811
9.38767
9.8379
10.0508
9.59954
9.84868
9.84535
10.1118
9.6658
9.48293
9.7306
10.1775
9.55692
10.2957
9.6343
9.79917
10.4302
9.8681
9.90101
9.91178
10.3761
10.0884
10.153
9.38557
9.62908
9.45477
9.38432
10.157
9.58021
9.61857
10.2127
10.0349
10.1628
10.2773
9.83519
9.92312
9.52792
9.08033
9.74701
9.43656
9.6285
10.2798
9.75421
9.90917
9.7946
10.3255
9.63786
9.04378
9.92232
9.70956
10.1409
10.1228
9.72641
10.0291
9.92549
10.2353
9.70136
9.89159
10.1368
10.0437
9.55461
9.71759
10.1654
9.64175
9.83674
9.99686
10.1025
9.2414
9.48834
9.93561
10.0692
10.3645
9.51943
9.72904
10.1258
9.83562
9.83114
9.93182
9.81831
10.0215
9.17061
9.75897
9.61928
9.3918
9.61774
9.65605
10.3827
9.74818
9.55528
9.67594
9.48376
9.93159
9.59081
9.7258
9.20984
9.89215
9.67536
9.51268
10.026
10.4503
9.92688
9.78124
9.4354
9.62809
10.2165
10.0579
9.63323
9.73306
9.75096
10.0427
9.90417
9.65114
10.196
9.64913
10
9.94212
10.1846
9.72185
9.46445
9.73232
9.82884
9.69692
9.8469
9.84279
10.0168
9.57405
9.62091
10.037
9.78668
9.74605
9.65713
10.1624
9.70667
9.9908
10.3099
9.769
9.62227
10.2218
9.2564
9.61314
9.68252
9.458
10.4367
9.99381
9.86915
10.0169
10.0383
10.076
9.68231
10.4865
10.2463
9.71119
9.66146
10.2077
10.2775
9.88687
9.6243
10.201
9.2065
9.7883
10.0778
10.0345
10.0159
10.1803
9.71228
9.74244
10.3408
10.0983
9.80052
9.70715
10.3817
9.88861
10.5867
10.0155
10.2456
9.20339
10.2649
9.37977
9.57987
9.54926
10.4475
9.69337
9.63949
9.96532
9.94791
9.77742
10.1363
10.2846
10.3954
9.28676
10.3083
9.87584
9.73735
9.26025
10.0815
10.028
9.79317
9.77797
10.0851
9.7437
10.2357
9.47488
10.2392
10.3858
10.3768
9.82751
10.2469
9.5113
10.5838
10.1703
10.4834
9.95902
10.1608
9.90525
9.82167
10.0736
10.661
9.7434
10.516
10.0645
10.4574
9.81274
9.86939
9.97716
10.3577
9.77908
9.9306
9.59745
9.88276
9.86613
9.71184
10.0001
10.3697
9.70799
9.73731
10.0503
9.93099
10.0224
9.56588
10.4437
10.4178
9.92158
10.2141
9.81971
9.70861
9.92078
10.4233
9.63165
10.4163
9.60784
9.83678
10.1233
9.61779
9.83555
9.55294
10.3915
9.69335
9.68384
10.2379
10.0386
9.49619
10.341
10.3039
9.97092
10.179
9.4332
9.49393
10.1669
9.8977
10.2842
9.5254
9.97326
10.2019
10.1787
9.63547
10.3533
10.1937
10.5267
9.82758
9.71092
10.5194
9.77812
10.3237
9.47208
10.399
10.4548
9.63003
10.2793
9.85557
9.59786
10.1048
10.2245
9.76652
10.2492
10.202
10.4877
10.0449
9.79014
9.64923
10.3368
9.87488
9.7606
10.0687
9.62527
10.1915
9.46958
9.72828
10.3169
9.79225
9.85769
9.91763
9.98231
9.727
10.1263
9.54666
10.3119
10.4192
9.81584
9.98999
10.1292
10.4065
10.1964
9.67354
9.79448
9.77474
9.82946
10.2295
9.84193
10.21
10.2281
9.97211
9.84468
10.2565
10.0513
9.795
10.4296
9.75749
9.70219
10.0571
9.66687
9.65449
10.3174
9.97607
10.2454
10.1765
10.2888
9.94035
9.5993
10.4613
10.3793
9.70501
10.3732
9.90389
10.0627
9.89428
10.2747
10.2597
10.2927
9.84514
10.0911
10.6148
10.0232
10.0009
9.66374
10.2041
9.86051
9.74197
9.43148
9.99433
10.1099
10.1972
9.48804
10.0721
10.326
9.51651
9.69401
9.57282
9.90321
9.54107
9.87765
9.42273
10.2362
9.49947
9.7549
9.74169
9.79067
9.57891
10.1646
9.73953
9.12895
9.79887
10.1316
9.82541
9.54864
9.52707
10.166
9.67466
9.70479
10.0123
9.88918
9.43789
10.1534
10.0362
10.0681
9.40747
9.91361
9.39153
9.38547
10.0875
9.74107
9.89167
9.95368
9.46431
9.9936
9.48424
9.77108
9.54015
9.75955
9.87489
9.621
9.40502
9.54703
9.89464
9.65785
9.58228
9.29912
9.74231
10.1836
10.3622
10.0791
9.16342
10.0737
10.07
10.052
10.0231
9.90386
10.0554
9.60684
9.97885
9.66116
10.1344
10.1342
9.35648
9.66515
9.41545
10.0451
10.2446
10.3561
10.1838
10.0698
9.61878
10.1784
10.1906
10.0481
9.65853
9.32221
9.79488
9.92446
9.9584
10.053
9.44224
10.1296
10.0266
9.82059
9.78548
9.7811
9.80834
10.2798
9.57821
10.2344
9.43433
10.0705
9.97427
9.41112
9.69886
9.87512
10.2828
9.55628
9.10262
9.39488
9.58512
10.4498
10.1271
10.0918
9.89743
10.0666
9.9302
10.3519
9.56664
9.29081
10.3088
9.55416
9.81032
10.1512
9.95509
9.60969
9.49934
9.45123
9.4192
9.46211
10.1173
9.58973
9.61664
9.37091
9.43267
10.0278
10.0719
9.86046
9.7924
9.56059
9.74684
9.96993
9.89105
9.65008
9.90681
9.93128
9.4093
10.2651
10.0252
9.62107
10.1446
9.57277
9.58336
9.6784
10.0547
9.91516
9.81907
9.78183
10.1352
9.8225
9.67257
9.73538
9.43989
9.90021
9.62586
9.7549
9.46782
9.41759
10.0264
9.48541
9.60913
9.71152
9.42191
9.63314
9.7642
10.1008
9.42872
9.84777
9.85779
9.95284
10.0066
10.3654
9.16764
9.9861
10.353
10.0572
9.38407
9.73672
9.67498
9.95972
10.1213
10.2105
9.45779
10.0362
9.39728
9.8413
9.55842
9.99151
9.84549
9.72819
9.26577
9.93463
9.34523
10.1199
9.53465
9.8467
10.1424
9.71685
9.51449
9.65302
9.73956
9.87815
9.88017
9.71376
8.9169
9.74599
9.61293
9.95887
9.83292
9.68175
9.3423
9.64692
9.32498
10.3692
9.56118
10.0101
10.1893
10.0744
9.86775
10.004
9.38372
10.3554
10.0133
9.80336
9.80926
9.79784
10.0178
9.56159
9.28535
9.75647
9.62104
9.55779
