1.9897
2.63776
1.3527
2.54857
0.991183
2.38087
2.40675
1.37348
2.28336
1.28301
1.62915
1.44701
1.93352
2.51169
0.983732
1.90897
2.10859
1.34109
1.41976
2.47262
1.53863
0.782995
1.47341
2.59617
2.39925
2.11643
1.13823
2.42139
1.73907
1.52456
2.18474
1.95555
1.02683
1.27622
2.55279
2.27884
2.22248
1.24554
2.92937
3.06072
2.78487
1.78423
2.45921
2.09613
3.10447
3.31495
0.939967
2.43849
2.37388
2.0272
2.97737
1.07338
1.23314
1.79556
2.10457
1.82168
3.20859
1.63303
3.04763
3.37456
2.66521
2.51364
2.82722
0.973017
1.59863
3.15943
1.83897
0.862556
1.98489
0.867087
2.14638
2.2313
2.15412
2.20336
2.09549
3.21934
1.09121
1.79818
3.05136
1.23852
1.66932
1.26617
2.75858
1.43908
2.28657
2.56605
1.48206
1.65267
2.77772
3.25199
2.12976
1.85865
1.36772
1.54024
1.55318
1.61573
1.51536
2.37878
1.733
2.43183
2.07108
1.90978
2.34789
3.00512
1.61828
2.57771
0.978825
2.57233
2.11639
0.781878
1.54932
1.61669
2.45952
1.54106
0.654202
2.88868
0.794789
2.29086
3.18537
1.49117
2.05387
3.10916
2.69562
1.0633
3.07227
0.895774
2.27196
2.5856
0.546723
2.2398
2.34867
2.62265
1.33226
0.985747
2.29743
1.5665
2.31525
1.87362
1.76396
2.35239
3.13723
2.50857
2.86166
2.04063
1.83198
2.21288
2.13727
1.09946
1.25015
2.57043
1.89669
1.50827
1.69428
0.9409
2.4221
3.22026
2.50606
1.21138
0.855583
2.64382
3.0065
1.7398
1.36736
2.19501
0.917398
1.90266
3.3756
0.742003
1.88368
2.77801
2.28498
2.00649
1.70336
2.88816
1.49057
2.01027
1.82784
1.24897
1.97996
1.36912
1.08379
2.45583
1.86639
1.02888
3.30825
2.59278
2.92856
1.41374
1.71088
1.54028
2.04325
1.21588
1.97754
3.28049
0.800692
2.46671
2.99482
2.73591
2.16144
1.57253
1.8745
1.12783
1.81607
1.28837
1.58744
2.10309
2.8443
2.25081
2.31367
1.22852
2.76846
2.16518
1.06692
2.27795
2.78256
1.87901
1.91215
3.37971
2.65117
2.26716
1.70769
1.72058
1.00627
1.96539
1.17239
2.92177
1.94205
0.916353
2.06803
2.05124
1.2872
2.75925
0.973708
2.46592
1.84631
2.0948
1.61175
0.981169
2.10249
2.89093
1.4455
2.10146
1.68727
2.32755
2.11103
1.90144
1.66079
2.05444
2.08439
3.68093
1.93154
2.45376
2.16529
1.97327
2.34744
1.97589
2.12421
2.38627
1.91347
1.99629
3.29977
1.38269
2.87522
1.0761
2.45472
1.11556
1.62604
1.36338
1.34802
0.957102
1.42703
1.32132
2.21086
1.33697
2.24596
1.06616
1.03708
1.4422
2.16458
2.14389
1.30192
0.939131
1.0747
2.58752
1.21191
2.57133
2.48751
1.71885
1.96514
2.84909
2.00528
2.76935
1.89965
2.1126
2.52481
2.2343
1.90565
1.00146
1.16202
1.34604
2.77839
2.73641
2.02191
1.53304
1.23174
2.39713
3.76506
1.66955
1.99432
1.48393
1.78372
3.21478
2.4259
1.25683
0.950941
2.16716
2.68276
1.58673
2.04625
2.07534
1.41535
2.06684
1.79249
1.3988
2.44561
1.97707
1.75285
1.94625
1.77252
2.10668
1.49575
3.24552
1.44801
1.87988
2.00639
1.57499
1.67036
2.6665
2.48873
1.93705
1.86929
2.34005
2.91604
1.73218
1.0231
2.73767
2.16552
1.37912
1.30677
1.95393
2.43721
1.54931
3.09598
2.70735
2.48845
1.39023
1.51773
3.11711
1.64308
2.74316
2.33643
2.28755
1.51059
2.42521
2.19969
0.977645
1.3793
1.61875
1.02188
3.32061
2.16332
1.35459
2.84096
1.73655
0.684681
2.2846
1.95771
2.64872
0.999967
1.86765
3.11797
0.516637
1.59425
1.43835
2.47829
1.36442
2.63236
2.02886
2.32731
1.50277
2.2805
1.29087
3.02111
1.34777
2.14994
1.87298
1.87286
2.20708
2.88471
1.09372
0.926989
1.93891
2.06935
1.62196
1.61711
2.41914
0.981784
2.50803
3.14174
1.28532
2.11978
2.19895
1.06078
1.37332
2.02947
1.01257
2.8397
1.23536
1.49772
2.5533
2.04894
1.63672
2.3601
2.1772
1.49794
2.01531
1.21695
2.1137
1.44411
2.20389
1.97887
1.75348
2.74207
2.52102
1.69261
1.68123
2.24827
1.37027
2.7435
2.13385
2.90786
1.28094
2.09505
2.28003
1.42009
2.30918
0.928235
1.68357
1.74866
2.83193
2.5901
1.48364
1.53312
2.95032
1.42894
2.83077
3.08259
2.57266
2.32931
1.08162
3.23215
2.5923
2.57614
1.87704
2.30207
0.906555
1.68053
0.877468
0.780044
2.4968
0.585268
1.8265
0.979368
2.36778
1.63836
2.64886
1.23397
1.75953
1.56068
1.90541
1.06233
2.12565
1.55594
0.863987
1.91948
1.73384
1.67
2.3082
1.27857
2.32002
1.14527
1.96552
2.40027
1.07923
1.768
2.28188
0.966216
2.76685
2.84826
1.63377
2.71755
3.023
2.16433
2.00428
2.48482
1.00794
2.02131
1.00272
2.3981
2.17954
1.63749
2.71798
1.9248
1.83546
0.974769
1.61625
1.66634
2.2984
2.17824
2.946
2.37907
1.813
2.1275
0.82823
1.56213
1.65054
1.4398
3.39973
1.49063
1.21946
2.96052
2.4413
3.0566
1.98578
1.03336
1.59688
2.37779
2.59933
2.62064
1.38731
3.08518
0.760911
2.20168
2.43485
1.66115
1.25793
1.39264
1.75479
1.9224
2.06904
0.873014
1.86081
2.80325
2.03331
2.58592
1.55331
2.73012
1.14601
2.33755
1.69791
1.78106
1.80616
1.14167
1.69803
2.32612
1.75809
1.12734
1.5532
2.14029
1.73243
2.64268
1.99972
2.60273
1.95234
1.57799
1.3037
2.37889
1.82572
2.96687
2.37646
2.2293
1.16474
1.60249
2.09662
2.86733
1.76465
2.30598
3.06084
1.54816
0.753354
1.90413
2.06031
2.2275
2.53746
0.543952
1.63231
2.23394
1.48489
2.63323
2.10443
1.85174
1.84728
0.657511
2.48197
2.20729
1.93447
2.35106
1.82356
2.36772
1.73203
2.58106
0.767399
2.47994
2.05731
0.497708
1.04742
2.24294
2.94851
1.63684
1.94914
1.93922
1.6427
2.65357
1.8466
1.75925
2.1526
1.65187
2.30905
1.53877
2.34391
2.82143
2.53128
1.76258
1.41122
2.3494
1.16929
3.3433
0.7264
1.86501
1.97385
2.84707
2.83907
1.68147
3.001
1.34641
2.81489
1.74295
1.12894
1.50972
1.74688
2.0251
0.977206
1.92553
2.00497
1.73952
1.47723
1.81978
0.975617
0.975908
0.83599
1.75112
1.18633
0.428839
1.56896
1.9867
3.09001
1.27546
2.16326
2.21449
2.85657
1.81745
1.75102
2.4386
2.29732
3.1092
3.09825
1.76565
2.05648
2.60738
1.15359
0.960153
2.11431
2.09244
1.58158
2.20723
3.43811
2.03832
2.41194
2.69938
1.48311
1.31188
1.98777
0.726176
1.45875
1.82237
0.796457
1.1818
3.01982
2.57178
2.61019
1.56755
2.57875
1.00951
2.48629
2.11908
0.96708
1.9746
1.56296
1.953
2.17865
2.59439
1.67756
1.13688
1.08291
3.10624
2.20317
1.53309
2.67795
2.69655
2.1074
1.69599
1.08855
2.55792
3.01451
0.584162
1.32927
0.735369
1.86597
1.67949
1.37304
0.942482
2.63257
2.54886
2.50587
2.92316
2.98997
2.45501
2.62452
2.48939
2.26972
2.7397
2.86891
1.90103
1.56689
1.52941
1.88317
2.63731
1.54619
2.52329
1.49019
1.11817
1.45017
2.6846
1.54571
2.76467
0.617239
1.56189
1.43975
2.2453
3.43418
2.34454
2.43851
3.19134
1.71588
1.99481
0.958855
1.02261
1.95564
2.56358
2.26551
2.95
1.54093
1.82086
1.16997
2.43695
2.64014
2.66651
2.22656
0.972275
2.01055
1.60603
0.998246
2.86957
1.43514
2.69719
1.63734
1.74351
1.44258
1.09798
0.939467
2.59584
2.08467
1.74025
1.74696
2.58346
1.45096
2.87762
2.80306
2.8616
0.927267
2.68487
1.23751
2.07137
1.47711
2.76012
1.99978
1.57628
1.62132
1.56351
2.24725
2.23761
2.4353
3.01133
1.86843
3.44506
3.2413
2.53047
1.47541
1.87192
1.68373
2.40533
0.862041
3.20009
3.05726
1.60857
1.70758
2.67933
1.3761
1.44019
2.1706
1.49504
2.1426
1.17573
2.28778
2.1777
2.8261
2.52315
2.05113
0.777572
2.36236
1.72439
1.19048
1.41579
1.64029
2.30661
2.06006
1.73746
1.93023
1.16852
2.69539
1.35515
1.29564
1.58942
2.27512
3.44262
2.53975
1.8946
1.97705
1.84778
2.55745
0.914459
2.34757
3.42401
1.49726
1.8367
1.30153
1.75248
2.70527
0.825023
2.05224
2.26059
2.15494
1.71051
2.31345
1.70781
2.70056
3.35196
1.26484
1.54947
1.28386
2.73481
2.7973
0.918571
2.01189
2.14269
1.58676
1.13482
2.68338
2.28929
1.48459
2.76397
2.17811
1.9059
1.98006
1.42509
1.38391
2.63938
1.05511
1.18727
1.20859
2.11045
1.94177
0.713309
1.97458
3.32393
3.32774
1.78852
2.05023
2.71582
3.39637
2.07812
0.980037
1.70845
2.60577
1.50459
2.08993
2.3519
2.17203
1.24218
1.09041
0.736971
2.4801
1.03745
0.781584
2.9779
2.34673
2.75166
2.14614
2.21054
2.00123
1.27863
2.48647
1.49182
2.45755
1.94578
1.62073
1.65235
1.88588
1.18549
1.6787
2.03827
1.37478
2.72857
2.24568
1.59072
1.96792
2.41802
1.96067
2.77358
3.12907
2.46429
2.20789
1.6707
2.17873
1.41858
2.60362
1.18778
2.12985
1.55786
1.92816
1.78088
1.62824
1.71169
2.56072
1.73974
2.03666
0.941125
0.981703
2.8169
2.52972
1.5554
1.13417
1.8041
1.6567
1.81965
1.66461
3.45996
1.69129
1.95843
1.39784
1.55268
2.11222
2.5323
2.20866
2.49242
1.19572
1.41857
2.41663
2.61882
2.73526
1.82254
2.79379
1.99022
2.31787
2.64468
1.37548
2.33634
1.75457
1.89412
2.02077
