4.63403
3.71107
7.18418
4.00536
10.1272
4.33443
4.11175
7.31898
4.32679
7.52894
5.94331
7.11897
5.23312
3.87614
9.9578
5.21938
4.96782
7.61168
6.7938
4.10444
6.4158
13.0123
6.33396
3.82347
4.26002
4.77558
8.14527
3.90597
5.85181
6.58641
4.7882
5.00185
9.73806
7.96472
3.8559
4.36494
4.57827
7.79408
3.4556
3.20258
3.51222
5.75713
3.94373
4.44088
3.21828
3.09773
10.308
4.32224
4.15782
4.70455
3.29533
8.92294
7.88689
5.53184
4.60074
5.39353
3.0588
6.137
3.47394
2.84367
3.7646
3.86563
3.45609
9.97986
6.16995
3.08509
5.4627
12.1238
5.05968
11.2456
4.77715
4.49271
4.67501
4.47144
4.76658
3.11172
9.33677
5.37942
3.41177
8.17585
6.08887
8.16292
3.53744
6.81224
4.25087
3.95135
6.26909
5.93536
3.67454
3.26497
4.70966
5.37273
6.95117
6.62393
6.42588
5.91555
6.42036
4.26914
5.87803
4.17199
4.7764
5.41821
4.43987
3.53166
5.88377
3.82115
9.9756
3.85871
4.7206
12.5303
6.62834
5.58611
4.04726
6.62515
14.2943
3.46935
11.7898
4.38269
3.06469
6.98034
4.94785
3.36103
3.66352
9.66497
3.31342
10.713
4.50356
3.92505
17.912
4.6813
4.35367
3.85929
7.66219
9.83858
4.36975
6.32286
4.22868
5.45588
5.32355
4.26013
3.09146
3.98308
3.68034
5.03904
5.15348
4.6873
4.90024
9.01188
7.86855
3.93086
5.52259
6.69964
6.00725
10.5221
4.24873
3.21817
4.08516
8.35597
11.3708
3.88581
3.43063
5.5889
7.15822
4.47245
10.3318
5.44281
2.85905
13.7129
4.99119
3.66695
4.31541
5.14834
5.41721
3.34663
6.98745
4.94743
5.52464
7.79208
4.97085
7.29715
9.30482
4.27604
5.44512
9.8585
2.93175
3.90196
3.25259
7.01765
5.56166
6.11261
4.98451
8.02365
4.94431
3.0845
12.0213
3.95808
3.22921
3.66965
4.52587
6.1312
5.07912
8.66091
5.22439
7.45183
6.19158
4.64895
3.52897
4.51462
4.33123
7.80673
3.52278
4.42441
9.49121
4.29659
3.65707
5.11706
4.94771
2.95345
3.83261
4.3865
5.79719
5.89929
9.58399
5.02157
8.60564
3.32581
5.01621
10.8366
4.65203
5.02649
7.46315
3.51064
10.1127
4.23089
5.65238
4.63469
6.01979
10.1354
4.63071
3.32924
6.7289
4.54593
5.61402
4.15236
4.42936
4.90742
5.8841
4.88722
4.6929
2.8324
5.20247
3.83445
4.6215
5.25929
4.24324
5.07854
4.60433
4.33845
5.19951
4.83892
3.17247
6.90989
3.48594
9.09724
4.25227
9.07787
5.72129
7.41929
7.56882
9.82714
7.01014
7.31298
4.42125
7.32587
4.35583
9.01684
9.14865
7.10448
4.44585
4.65667
7.65302
10.5203
9.37484
3.71499
8.35572
4.06591
3.98059
5.74369
4.745
3.61801
4.73337
3.53032
5.10471
4.77131
3.96964
4.27229
5.32381
9.51825
8.62199
7.23091
3.58152
3.73055
4.87811
6.52771
7.98236
4.20634
2.73748
6.00004
4.9416
6.47191
5.71866
3.05595
4.17888
7.89251
10.6414
4.4799
3.74335
6.06152
4.86543
4.98122
6.74926
4.91565
5.23689
7.12805
4.20729
5.01974
5.4102
4.99228
5.43766
4.82955
6.87726
2.9496
6.77362
5.19567
4.86503
6.39006
5.96627
3.70219
3.90739
5.23053
5.41217
4.19925
3.29971
5.85518
9.14485
3.5676
4.72498
6.92381
7.69803
4.99984
4.07909
6.29391
3.29435
3.88644
4.16612
6.7163
6.65673
3.32226
5.99941
3.77077
4.44133
4.54359
6.52776
4.10794
4.5998
9.96528
7.04842
6.22929
9.66459
2.96822
4.79049
7.15275
3.3679
5.60177
13.4069
4.27463
4.97077
3.69572
10.0392
5.25014
3.32577
19.6924
5.90762
6.86883
3.865
6.94677
3.62596
4.85253
4.18429
6.24693
4.31392
7.78605
3.17748
7.30736
4.57936
5.3988
5.16097
4.2966
3.37316
9.3054
10.3096
5.31006
4.65572
6.04156
6.44989
4.07918
10.0847
3.95202
3.30268
7.84895
4.78965
4.2682
9.07737
6.88462
4.62402
10.0309
3.37367
7.78607
6.81883
3.93017
4.96003
6.27922
4.16727
4.55774
6.36067
4.50568
8.0094
4.46447
6.66741
4.6644
4.92918
5.65114
3.57198
4.09575
5.69409
5.37925
4.41332
7.08587
3.69633
4.74393
3.34487
7.82951
4.73759
4.48909
6.8315
4.28358
10.9205
5.9657
5.46394
3.43144
3.92472
6.49873
6.41618
3.3884
7.06992
3.26462
3.07804
3.862
4.32282
9.58242
2.94523
3.75306
3.93063
5.23997
4.27056
10.9556
5.84239
11.421
11.7565
3.90859
16.4357
5.14196
9.82036
4.07811
6.33725
3.68014
7.74355
5.49917
6.0767
5.21231
9.02807
4.57546
5.91913
11.4494
5.04062
5.48648
6.00361
4.52747
7.76404
4.21601
8.23858
4.89849
4.2564
9.31956
5.44865
4.26537
10.0919
3.62966
3.47727
5.90729
3.7519
3.1919
4.62038
4.96045
4.09871
9.64527
4.68233
9.70596
4.0986
4.44907
6.01342
3.62136
5.20405
5.21616
9.86994
6.21005
5.87317
4.24037
4.43346
3.44956
4.08003
5.51063
4.846
11.795
6.1597
6.19301
6.42897
2.82762
6.49557
7.75588
3.52529
4.09365
3.2288
5.04431
9.7142
6.3098
4.07198
4.0343
3.90987
7
3.13157
13.4151
4.66801
4.06057
5.79377
8.10935
6.61083
5.57804
5.24228
4.84983
11.4728
5.47091
3.46464
4.79141
3.99888
6.50114
3.58977
8.47038
4.44127
5.82397
5.94403
5.54518
8.97421
5.42004
4.41289
5.33521
8.49773
6.14813
4.88137
5.59525
3.64762
4.98337
3.82211
5.00807
6.42356
7.88874
4.36984
5.08662
3.47448
4.15569
4.36789
7.9505
6.29119
4.78295
3.41543
5.54102
4.37347
3.18335
6.61153
12.5769
5.37737
5.04088
4.65847
3.87297
18.8378
5.8269
4.73775
6.84924
3.98119
4.7324
5.48717
5.36207
14.9377
4.0587
4.8299
5.03672
4.47288
5.51912
4.41665
5.66547
3.82378
13.0013
4.17657
4.75332
19.9527
9.16298
4.40616
3.34614
5.9333
5.13051
5.34735
5.90978
3.66951
5.44262
5.645
4.65594
5.79094
4.52294
6.77018
4.23291
3.62019
3.87934
5.50818
7.02992
4.43658
8.23716
3.11557
13.2267
5.27439
5.12871
3.37814
3.46436
5.68129
3.46268
7.1994
3.44022
5.87389
8.89207
6.29005
5.91969
5.0881
10.2035
5.28636
4.70492
5.45779
6.88241
5.43895
10.5412
9.76055
11.9299
5.82589
8.58006
22.4687
6.59882
5.13099
3.40667
7.70515
4.48902
4.75026
3.42303
5.68035
5.40945
4.26435
4.55087
3.09727
3.31776
5.58183
4.66713
3.87546
8.86321
10.1718
4.84757
4.87563
6.63119
4.55093
2.84754
4.73391
4.28568
3.65821
6.58119
7.67502
4.84223
14.0345
6.49159
5.33827
12.9534
8.28591
3.26433
3.85632
3.82436
6.20522
3.92681
9.45669
4.14748
4.91684
10.15
5.05924
6.48078
5.32848
4.68015
3.72864
5.83852
8.59785
9.07692
3.29321
4.46717
6.65975
3.81936
3.6981
4.67149
6.0475
9.23363
3.82928
3.45981
16.7034
7.29888
13.6762
5.18061
5.74846
7.51425
10.5849
3.8918
3.99255
4.1059
3.40054
3.2105
4.26121
3.95474
3.89855
4.57027
3.61495
3.5075
5.2047
6.55736
6.70822
5.46564
3.73302
6.52642
4.20671
6.72615
8.94397
6.66384
3.80098
6.37925
3.52374
15.2801
6.39886
7.022
4.54158
2.76282
4.29596
4.23457
2.98198
5.64959
4.79887
10.3282
9.33016
5.05085
3.67562
4.51828
3.22016
6.33052
5.35005
8.36828
3.9307
3.85001
3.65254
4.10001
10.0783
5.03919
6.11784
9.56541
3.32003
7.08362
3.58694
5.92717
5.74258
6.85521
8.59565
10.8076
3.86626
4.82957
5.40583
5.67476
3.63525
6.46847
3.50551
3.47516
3.45669
10.7344
3.52506
8.07554
4.57873
6.61498
3.45642
4.88032
6.2647
5.93407
6.01532
4.24832
4.42197
3.96577
3.18207
4.97696
2.82791
3.14183
4.09498
6.83136
4.89518
5.98295
4.18651
11.6607
3.13213
3.23945
6.25112
5.626
3.72439
7.02067
7.03686
4.66884
6.25836
4.51095
8.00816
4.39077
4.70431
3.66445
4.03615
4.90942
12.3703
4.30858
5.90967
8.4404
6.82199
5.68325
4.24643
4.81755
5.73159
5.20819
8.08052
3.7581
7.39888
7.57975
6.15663
4.29916
2.84909
4.04754
5.05554
5.17661
5.10578
3.9377
10.9073
4.00888
2.83261
6.59545
5.59852
7.34235
5.19415
3.47281
11.618
5.09191
4.47986
4.68309
5.78626
4.35134
5.81457
3.83323
2.85404
7.34544
6.6531
7.44177
3.58721
3.62895
10.8376
4.77644
4.43337
5.95631
8.30019
3.52619
4.4194
6.45951
3.47929
4.30231
4.9492
5.06441
7.06754
7.1251
3.71012
9.06123
8.20942
8.2492
4.6867
4.96974
13.8885
5.02956
2.83077
3.08469
5.60527
4.69268
3.73537
2.81853
4.61155
9.87555
5.88524
3.80508
6.52606
4.68046
4.30937
4.52226
7.78676
8.92818
12.809
3.99186
9.2784
12.4809
3.17937
4.01306
3.64375
4.41975
4.34696
4.85278
7.36875
3.87423
6.54516
4.11011
4.84574
6.07613
5.96592
5.27757
8.44086
6.1747
4.49776
7.26378
3.79431
4.47844
5.89927
4.94773
4.0012
5.07975
3.64917
3.2631
3.83794
4.54562
5.62476
4.51699
6.73801
3.83755
8.28895
4.56755
5.94776
5.15237
5.24753
6.21525
5.57031
3.84528
5.82987
4.77098
10.1097
9.83294
3.45754
3.90484
6.35216
8.56467
4.94257
5.88278
5.28284
5.98272
2.84192
5.72447
4.77029
6.9013
6.00573
4.90913
3.77569
4.53222
4.08813
8.42536
6.95612
4.13964
3.58319
3.78591
5.49411
3.50898
4.92872
4.22709
3.7879
6.95148
3.97432
5.56059
5.07942
4.72978
