0.223094
0.256431
0.189676
0.160861
0.197683
0.251204
0.194007
0.192425
0.182749
0.312506
0.223133
0.186184
0.20238
0.177585
0.222898
0.19874
0.1928
0.183186
0.188854
0.165966
0.18128
0.168646
0.207139
0.235582
0.180224
0.185904
0.191415
0.308425
0.1631
0.182711
0.193372
0.190163
0.182079
0.164123
0.189417
0.188797
0.196201
0.216338
0.200233
0.284531
0.172681
0.171976
0.191847
0.315351
0.223859
0.170169
0.177238
0.199658
0.167152
0.191372
0.288119
0.18012
0.289459
0.270063
0.193763
0.196238
0.256282
0.200041
0.181756
0.201539
0.208812
0.274722
0.185995
0.167142
0.208427
0.162534
0.185786
0.163001
0.167626
0.176144
0.218277
0.162059
0.17609
0.208399
0.17167
0.178475
0.192176
0.264598
0.191407
0.16711
0.200254
0.175541
0.163363
0.243741
0.182646
0.181065
0.203602
0.162301
0.235544
0.154914
0.247053
0.176203
0.194816
0.280811
0.167258
0.181914
0.17653
0.196049
0.162672
0.172811
0.184253
0.172331
0.196686
0.185986
0.156358
0.195223
0.214362
0.210649
0.233439
0.18557
0.314103
0.200611
0.19897
0.170478
0.155372
0.180606
0.188031
0.197413
0.174474
0.20616
0.179744
0.168846
0.203292
0.220129
0.185332
0.179006
0.185744
0.185459
0.176707
0.15356
0.189142
0.189205
0.217667
0.187179
0.176696
0.19134
0.235782
0.196657
0.184819
0.241402
0.178609
0.155051
0.164509
0.159149
0.16718
0.202866
0.285361
0.200753
0.186871
0.202473
0.188442
0.171227
0.18599
0.186775
0.189221
0.196014
0.164667
0.193742
0.209504
0.200273
0.175789
0.208086
0.180881
0.196078
0.191254
0.198329
0.199172
0.161715
0.179948
0.195224
0.18652
0.176062
0.224883
0.236541
0.199656
0.214835
0.190275
0.27386
0.171036
0.19495
0.221871
0.18526
0.330742
0.202224
0.176429
0.234292
0.207952
0.198042
0.20706
0.160916
0.253074
0.165457
0.185296
0.170852
0.202417
0.175607
0.175066
0.181475
0.170493
0.29707
0.338055
0.186718
0.187426
0.281682
0.200371
0.187493
0.181903
0.185098
0.176439
0.182175
0.205862
0.158987
0.19133
0.16324
0.168081
0.200896
0.191063
0.191224
0.237527
0.171432
0.158594
0.174759
0.189632
0.183899
0.231487
0.198384
0.176416
0.173897
0.225246
0.183835
0.187843
0.189116
0.238592
0.196897
0.18197
0.182068
0.180542
0.208243
0.195053
0.165105
0.15667
0.177801
0.199747
0.165704
0.163669
0.188472
0.190731
0.178979
0.150641
0.207703
0.161371
0.18381
0.19786
0.183439
0.193879
0.237101
0.187493
0.200995
0.18058
0.240131
0.187078
0.165559
0.259791
0.178431
0.183587
0.191028
0.176518
0.191491
0.16856
0.207097
0.185577
0.244022
0.162759
0.165998
0.175692
0.164262
0.186108
0.188676
0.317565
0.212484
0.20546
0.192105
0.310562
0.262707
0.174978
0.183491
0.162789
0.180929
0.164474
0.189154
0.168427
0.198461
0.184966
0.191463
0.204384
0.203863
0.275762
0.161439
0.178478
0.154735
0.177476
0.19209
0.158855
0.196025
0.166212
0.31678
0.197932
0.243984
0.16874
0.198253
0.22559
0.216895
0.186489
0.207289
0.196284
0.215746
0.198122
0.185497
0.169214
0.176567
0.197122
0.269253
0.162007
0.191936
0.195126
0.187879
0.179648
0.190891
0.203839
0.190848
0.166854
0.189143
0.205693
0.190285
0.182541
0.154388
0.196745
0.188337
0.167438
0.190734
0.213775
0.216012
0.178257
0.222284
0.242502
0.153608
0.214979
0.160884
0.261347
0.181577
0.216982
0.180939
0.198221
0.224652
0.162775
0.186419
0.189289
0.17938
0.191949
0.193556
0.203801
0.209186
0.206522
0.179795
0.185189
0.163838
0.190937
0.183409
0.286995
0.184577
0.18462
0.173522
0.169865
0.170863
0.163655
0.202697
0.189666
0.170061
0.24948
0.193771
0.188286
0.188085
0.168721
0.169988
0.188232
0.206613
0.194464
0.162812
0.166603
0.184138
0.195248
0.182848
0.188867
0.171393
0.184835
0.201373
0.280205
0.199593
0.208576
0.15239
0.182521
0.183014
0.183304
0.191418
0.311813
0.179819
0.188187
0.169509
0.183205
0.180814
0.158995
0.195023
0.201614
0.163841
0.203367
0.182499
0.158022
0.168113
0.178902
0.170128
0.184506
0.223968
0.195643
0.198542
0.302476
0.221739
0.183295
0.17592
0.171786
0.292886
0.187427
0.17434
0.195018
0.168648
0.19315
0.177684
0.177
0.177991
0.275247
0.174336
0.167732
0.220293
0.268311
0.195257
0.151184
0.173523
0.183591
0.249809
0.22397
0.188221
0.185455
0.194644
0.170899
0.167921
0.192883
0.179352
0.187972
0.173095
0.174704
0.166528
0.180679
0.181697
0.197436
0.187037
0.197912
0.175749
0.169364
0.23841
0.175423
0.181855
0.164008
0.299718
0.177399
0.161879
0.195584
0.182237
0.190694
0.170607
0.168298
0.204413
0.203036
0.186701
0.169713
0.164345
0.245012
0.154579
0.188961
0.188395
0.201736
0.172915
0.224067
0.245826
0.171308
0.213382
0.172418
0.187628
0.197494
0.195557
0.186308
0.19393
0.192167
0.195841
0.183635
0.217388
0.263406
0.193253
0.160055
0.190184
0.257324
0.218542
0.182591
0.173377
0.192653
0.174353
0.160364
0.182135
0.216519
0.172136
0.192169
0.161439
0.229656
0.176361
0.187518
0.202485
0.155564
0.15738
0.235672
0.186244
0.198909
0.278552
0.164041
0.162648
0.184802
0.179462
0.191556
0.187866
0.174005
0.175042
0.191607
0.183621
0.203452
0.191366
0.201593
0.159137
0.179267
0.178591
0.171779
0.259479
0.319902
0.238157
0.178553
0.168999
0.195078
0.202053
0.162251
0.226358
0.205858
0.196264
0.187204
0.184798
0.278345
0.18813
0.194428
0.246534
0.164204
0.184319
0.194789
0.201358
0.176025
0.207606
0.175509
0.188229
0.210657
0.195338
0.307034
0.169295
0.197057
0.1765
0.168587
0.184574
0.198553
0.22135
0.187637
0.229506
0.295876
0.209912
0.164967
0.151066
0.203761
0.186358
0.209483
0.187407
0.179261
0.20718
0.183042
0.172767
0.208185
0.156222
0.179134
0.189446
0.203204
0.193225
0.182181
0.183232
0.22105
0.201185
0.17964
0.167815
0.179005
0.172524
0.275335
0.17676
0.179194
0.169482
0.209661
0.164012
0.186467
0.204332
0.228493
0.15972
0.182048
0.199188
0.206593
0.174337
0.172832
0.252942
0.197925
0.25979
0.160322
0.194421
0.171674
0.192774
0.186622
0.180434
0.16419
0.176739
0.294
0.174982
0.220456
0.186434
0.196449
0.257137
0.191581
0.176476
0.219573
0.201513
0.197463
0.180519
0.183979
0.168639
0.154138
0.185476
0.192417
0.164929
0.188788
0.201659
0.192907
0.24084
0.187826
0.183719
0.306907
0.219472
0.164251
0.188169
0.188823
0.196586
0.188379
0.180257
0.195525
0.184735
0.184535
0.171779
0.196778
0.203569
0.197662
0.206719
0.198692
0.216175
0.178158
0.198337
0.198112
0.213243
0.167959
0.177536
0.19495
0.237714
0.178322
0.179311
0.179455
0.190616
0.170709
0.199687
0.1833
0.18487
0.173464
0.176335
0.189202
0.237194
0.190503
0.199019
0.170925
0.194739
0.190301
0.171637
0.189298
0.17611
0.301276
0.171216
0.178518
0.156122
0.193554
0.161844
0.160175
0.183051
0.263362
0.205225
0.24197
0.176068
0.188814
0.181785
0.185277
0.207768
0.187775
0.230863
0.193513
0.191117
0.169253
0.219623
0.189329
0.186918
0.173792
0.209655
0.180546
0.182084
0.280844
0.213114
0.174165
0.235645
0.165117
0.170026
0.162378
0.191913
0.208015
0.183909
0.20591
0.185505
0.176779
0.224007
0.187742
0.172108
0.252902
0.276244
0.29527
0.214979
0.162236
0.220875
0.184603
0.231843
0.159308
0.204963
0.167159
0.178166
0.188227
0.183399
0.173416
0.170293
0.228162
0.194796
0.197326
0.169896
0.178003
0.18899
0.199432
0.191511
0.161014
0.302675
0.203404
0.191712
0.171486
0.19072
0.1882
0.292669
0.189424
0.159442
0.181774
0.193746
0.232004
0.178935
0.251495
0.208973
0.18234
0.182517
0.323095
0.179846
0.175374
0.188923
0.204694
0.186814
0.196648
0.198073
0.181794
0.195025
0.197904
0.20005
0.193503
0.223161
0.167419
0.195862
0.175121
0.186551
0.174777
0.222614
0.197445
0.245287
0.17976
0.18036
0.192154
0.193314
0.184446
0.185519
0.198154
0.168332
0.189236
0.238035
0.179411
0.195565
0.187897
0.195357
0.172276
0.184418
0.171959
0.201564
0.188579
0.196048
0.248818
0.209065
0.166028
0.179939
0.188666
0.189423
0.1739
0.237133
0.174762
0.161451
0.229584
0.191676
0.252378
0.191321
0.226273
0.162378
0.181611
0.158579
0.225224
0.198112
0.199926
0.181771
0.279312
0.19679
0.174181
0.211656
0.200462
0.201613
0.177148
0.163967
0.194285
0.21577
0.170373
0.200257
0.225983
0.179987
0.199367
0.185687
0.240134
0.195867
0.199965
0.17202
0.192243
0.19258
0.202581
0.177632
0.193251
0.198799
0.226144
0.184773
0.16213
0.182099
0.163881
0.195334
0.213182
0.193473
0.183019
0.165385
0.187903
0.196889
0.170401
0.170924
0.206641
0.18905
0.190452
0.256456
0.197909
0.190584
0.174261
0.19697
0.16834
0.26072
0.16853
0.193295
0.198949
0.165992
0.175765
0.202216
0.171185
0.179666
0.212256
0.20302
0.243278
0.163538
0.177148
0.172134
0.198363
0.178265
0.167288
0.189092
0.192493
0.189177
0.214738
0.193974
0.188492
0.185544
0.201339
0.166364
0.224194
0.189432
0.261686
0.183428
0.198723
0.205588
0.17012
0.240661
0.181442
0.176202
0.161183
0.179823
0.185336
0.182135
0.190472
0.177803
0.200307
0.218707
0.16805
0.193457
0.202993
0.195107
0.188768
0.293684
0.189257
0.196847
0.193572
0.191749
0.186749
0.203259
0.163184
0.160531
0.178896
0.183696
0.201277
0.228538
0.187671
0.204136
0.16747
0.167635
0.285525
0.187582
0.183393
0.169616
0.206232
0.275973
0.185392
0.301829
0.201177
0.183938
0.208842
0.147741
0.179587
0.209724
0.178323
0.192196
0.208987
0.226543
0.19973
0.205886
0.196081
0.164066
0.19739
0.195133
0.16659
0.200571
0.184426
0.248888
