8.16626
9.18416
12.7565
10.8536
13.1762
16.4832
13.703
13.3731
12.5506
21.8139
14.1834
11.9288
13.449
12.1484
15.7037
12.8145
12.5931
13.0894
13.4263
10.3638
13.0164
11.4437
14.3339
15.7738
12.401
13.0048
13.5285
21.8122
10.9338
13.0164
13.8529
12.7344
12.2538
11.4363
13.0435
12.5605
13.4008
14.8635
9.65211
19.2811
11.2952
11.5723
13.3999
22.4929
8.50722
11.4878
11.7198
13.8382
11.5126
13.1826
20.2672
12.5493
20.3272
14.5728
13.8452
12.9002
17.8345
12.4768
11.4039
13.6887
14.5554
19.1404
12.6501
11.3648
14.5641
10.9895
13.114
11.1446
11.3353
11.9137
10.9853
11.1927
12.1257
14.2768
12.1838
11.4672
13.6035
17.8601
13.8751
11.5623
14.0421
12.3629
11.1003
15.3248
12.3176
12.8863
13.5077
11.1939
14.5218
10.5787
16.3298
12.2295
13.0085
19.5619
11.4154
12.2534
12.3707
10.7524
11.0114
10.6254
12.1187
11.732
13.9296
12.6195
10.4931
13.9276
10.668
14.9269
16.3897
10.6088
22.0888
14.2723
13.7619
11.4361
10.7785
12.8977
11.9423
13.4185
11.938
14.2731
11.9813
10.964
14.3578
15.5414
12.6386
12.2464
12.0691
12.8988
11.5044
10.2874
12.0319
13.4877
15.291
13.1686
12.5387
12.9573
15.2907
13.3853
13.2544
16.8471
12.3545
10.7028
11.3197
10.7482
11.4389
14.4245
19.7605
13.8594
13.2298
14.0636
13.1474
11.4887
13.1191
13.0767
11.9518
13.4367
11.1836
13.4356
13.8141
12.9719
12.3769
14.579
12.9062
13.5769
13.0978
13.56
12.9274
10.8723
12.3991
12.5829
11.6393
11.7187
15.4985
16.2493
13.9094
10.7579
12.9377
19.3856
11.6375
13.2268
15.0299
13.1521
22.1425
13.8605
12.0553
14.6974
11.6873
12.1647
7.83161
11.1771
17.2535
11.3701
12.6335
11.8392
14.2237
12.3519
12.3958
12.6033
9.21136
10.3063
12.2466
13.0709
12.2237
18.7638
13.9846
12.1237
12.9866
12.602
12.4992
12.7288
14.3628
10.8679
12.8833
11.449
11.5886
14.2773
11.6744
13.0235
16.085
12.1454
10.287
11.6669
12.321
11.9648
13.9838
14.0499
11.2769
11.6819
16.4401
12.9325
11.5058
12.7497
14.2154
13.5129
12.3663
13.1211
12.6183
14.7837
12.5082
11.5507
10.0882
11.3012
12.2967
10.601
10.501
12.1493
12.4376
10.9293
9.29194
12.3127
10.176
11.9349
12.8481
11.664
12.7661
14.9941
10.2455
13.9145
12.6368
16.224
13.378
11.4289
17.96
12.3439
12.9287
13.4812
12.0244
13.1149
11.3165
13.8824
12.3005
16.8582
10.38
11.8333
11.5564
11.0517
11.4655
13.1785
21.8048
14.7446
13.7441
13.2176
21.8444
18.9148
12.1109
12.901
11.2199
12.1723
11.3095
13.4706
11.8929
13.7993
11.8774
12.6889
13.1386
12.9948
19.1555
10.9472
12.7978
10.4101
12.0971
10.4898
10.7182
12.177
11.4748
22.3778
13.8482
17.2598
11.0259
13.5967
13.3913
14.6828
13.3378
14.8947
13.6413
8.09371
12.6977
12.3082
11.9358
12.6871
13.6002
16.5196
10.8026
12.8773
13.2199
12.8236
11.936
13.2389
14.0433
12.7683
11.504
13.6349
11.1559
11.3157
11.3478
9.77758
13.6866
13.0999
10.9723
7.28521
15.0716
12.1451
12.0379
15.4289
15.605
10.7306
8.06433
10.9624
16.9563
11.9987
15.4513
12.057
13.9829
11.4373
11.1056
12.7179
12.6767
12.14
13.3548
12.1933
12.2146
13.3802
13.3378
12.1862
11.2406
10.5342
12.4009
11.4566
18.6203
11.4091
11.8157
10.934
10.9746
11.4435
10.4265
13.8483
13.1139
11.9618
12.7912
13.2774
12.0034
12.4642
11.3924
11.9811
12.7158
14.2433
13.4596
11.3111
11.4198
12.8123
13.8229
12.6024
13.4607
11.5541
12.9418
13.823
19.3485
13.316
13.5001
10.2904
11.2127
10.8995
12.1377
13.706
21.9448
11.3745
12.5016
11.5832
11.79
12.7208
10.8499
13.117
13.9429
11.2428
14.3045
12.8493
10.1218
11.5502
12.8089
11.854
12.2133
15.5231
13.5356
14.1211
17.318
15.1886
12.329
12.099
12.2713
20.8489
12.7458
12.3296
13.3245
11.5623
11.267
12.0989
9.68589
12.6297
17.6917
12.2195
11.3455
14.1914
18.8978
13.7689
9.35892
11.9762
12.4578
17.5489
14.8423
12.5039
11.6091
13.2294
11.5192
11.282
12.3905
12.5782
12.4411
10.6226
10.8082
10.0035
11.9362
12.8344
13.7089
12.8371
13.9542
11.3306
10.7396
16.1142
12.4387
12.6764
11.3054
21.2355
11.9783
11.325
13.9803
12.3971
13.6356
11.0418
11.6204
13.8896
14.2511
10.9342
11.5522
11.2712
15.5939
10.502
12.2678
12.7803
13.2451
12.3528
15.634
17.3618
11.7867
14.5932
12.0631
12.9265
13.8175
13.7716
13.1527
13.2366
13.4129
9.87052
12.6409
14.9562
18.0663
13.6363
11.068
13.1551
16.2719
14.3636
12.5225
11.4584
13.1226
11.7679
10.0071
12.4003
8.34627
11.7507
13.5311
10.1745
15.7644
12.1586
12.8402
13.9012
9.73431
10.5802
13.6463
13.178
13.9978
19.1708
11.5335
11.138
11.6919
11.6051
13.8318
11.8655
12.0778
12.0994
13.7215
11.8206
13.8055
11.8566
14.1489
9.7744
11.8508
12.6481
11.6555
16.8035
22.5712
15.4417
12.4323
11.4227
13.707
12.9058
10.8638
13.5926
12.2345
13.3969
13.5234
11.951
19.3094
12.1484
13.5245
14.5371
10.8723
12.3721
12.3027
12.1608
11.921
12.4554
12.1108
12.911
15.0933
13.4762
20.6534
11.8729
12.8594
11.0818
11.5867
12.6611
13.9767
12.918
11.9644
14.0071
21.0618
14.8516
10.6163
9.43691
14.6412
12.9966
14.77
13.018
11.4801
7.85189
12.5406
10.8741
14.3953
10.5949
10.7932
13.3894
14.0733
13.5892
11.9769
12.373
12.5554
12.8266
12.1617
10.5062
12.0575
12.0243
18.8844
11.5537
11.6853
11.5396
9.75757
10.4813
13.0314
14.2184
16.02
10.7614
11.4158
13.4787
13.9543
11.8508
11.9599
17.3617
12.1845
17.7756
11.0453
13.3421
11.5117
13.8388
11.3898
11.3867
10.2197
11.3886
19.1494
11.2175
13.88
11.8034
13.136
17.5209
11.4009
12.2749
15.7253
13.9504
13.652
12.4017
12.2383
11.5388
10.4536
11.7763
13.6331
11.424
12.7715
13.3735
13.375
16.6257
12.4199
11.567
21.4141
14.7346
11.0935
12.6432
12.5949
13.895
13.3366
12.3854
13.9005
12.2715
12.2958
11.5879
13.5662
12.0206
12.5699
13.6538
14.0886
11.3675
12.4447
12.6636
12.463
13.1461
10.6702
12.0143
13.8429
14.731
12.3577
11.7281
12.2839
13.0999
12.1002
14.0348
11.7976
12.7102
11.9746
12.8206
12.7978
16.8163
13.2202
13.9908
11.6856
12.9197
13.0728
11.7007
13.4703
12.1063
21.1689
11.3246
12.7431
9.98989
12.3661
10.9963
10.3983
12.89
18.8614
14.6516
14.9217
11.9555
13.324
12.4604
12.428
14.5008
12.0099
15.8505
13.4683
13.5285
11.4214
13.8791
13.6081
12.957
11.9125
13.461
11.4003
12.643
18.3558
13.728
12.0023
16.5029
11.2324
12.0117
10.1683
12.0329
14.4075
12.9641
14.4053
12.3678
12.2738
15.3745
12.929
11.6747
17.3613
18.7972
20.6497
14.8487
10.8839
11.5641
12.6875
15.3987
10.8469
13.9744
10.5217
12.0987
12.2154
12.0341
11.7157
11.8555
16.0576
13.2894
13.7404
11.5694
11.6289
13.1225
11.7812
13.6891
10.7207
21.0806
13.7166
13.7902
10.7785
13.1404
13.1627
20.7788
13.1618
10.7267
12.312
13.58
14.5021
12.4028
16.3627
13.865
12.8653
12.8687
12.1346
12.5898
12.1039
13.4188
13.5138
10.6678
13.4552
13.2561
11.7948
13.06
12.745
13.0114
12.8233
14.1295
11.293
14.0635
11.9675
12.1762
12.4645
11.1035
13.885
15.8628
12.9138
12.4275
13.4204
13.2452
13.1148
11.9474
12.833
11.5256
13.4678
16.3823
12.4643
13.8013
12.0834
13.968
11.7298
13.0037
11.8388
14.2087
11.8254
13.6781
16.7532
14.2299
11.3376
11.9927
12.5777
12.2604
11.3482
14.8134
11.8942
10.4182
8.79868
13.4321
16.9177
12.2665
14.2669
10.1518
11.8809
10.3114
8.26146
13.6103
13.8895
12.9623
19.1743
13.2154
11.9245
14.6902
14.1729
14.1592
11.9107
11.2646
13.2023
14.956
11.5484
13.6433
15.0706
12.0023
13.5929
12.7244
16.0207
13.7653
13.4088
12.1372
13.2417
13.3885
14.1349
12.0347
13.3905
12.2398
11.6605
11.2612
11.0263
11.51
11.0663
13.3983
14.9812
12.3783
11.6239
11.6773
12.6042
13.6123
11.5487
11.9787
13.7057
11.8952
13.121
17.7454
13.2771
12.8063
11.9047
13.5757
11.4971
17.4173
11.6396
13.3059
13.5
11.1877
11.9755
13.9382
11.6603
11.6993
14.231
13.841
14.2836
11.1523
12.2509
11.179
13.3156
12.6063
11.3949
13.4691
13.4179
13.2877
10.6808
11.1447
12.2908
12.2755
13.9402
11.4128
13.7038
13.0499
16.4138
11.3129
7.31918
12.9692
10.7189
15.9231
11.8963
12.3564
11.2315
12.6823
12.5754
11.2798
12.7714
12.1284
13.6831
15.1901
11.5395
13.9008
14.2052
13.8237
13.1271
19.95
12.9824
14.1251
12.9783
12.5244
12.8544
13.6783
10.7819
10.8073
11.8107
12.5992
12.6645
12.6007
13.2648
13.1965
11.7259
11.5547
19.4473
13.2221
12.305
11.6495
14.3626
18.8609
12.6824
21.5608
13.3957
13.0083
13.4312
10.0265
11.3383
14.3421
11.9065
13.4299
14.5839
15.1656
13.4254
14.4148
13.5116
11.2259
8.73871
13.4426
11.5017
14.0515
12.3926
16.9774
