0.027319
0.027921
0.014869
0.014821
0.015003
0.01524
0.014158
0.014389
0.014561
0.014326
0.015732
0.015608
0.015048
0.014618
0.014194
0.015509
0.01531
0.013995
0.014066
0.016014
0.013927
0.014737
0.014451
0.014935
0.014533
0.014295
0.014149
0.01414
0.014917
0.014037
0.013959
0.014933
0.014859
0.014351
0.014522
0.015031
0.014641
0.014555
0.020745
0.014757
0.015288
0.014861
0.014317
0.01402
0.026314
0.014813
0.015123
0.014428
0.014519
0.014517
0.014216
0.014353
0.01424
0.018532
0.013995
0.015212
0.01437
0.016033
0.015938
0.014723
0.014346
0.014353
0.014703
0.014707
0.014311
0.01479
0.014167
0.014626
0.014788
0.014785
0.01987
0.014479
0.014522
0.014597
0.01409
0.015564
0.014127
0.014815
0.013795
0.014453
0.014261
0.014199
0.014717
0.015905
0.014828
0.014051
0.015073
0.014499
0.01622
0.014644
0.015129
0.014408
0.014976
0.014355
0.014652
0.014846
0.01427
0.018233
0.014773
0.016264
0.015204
0.014689
0.01412
0.014738
0.014901
0.014017
0.020094
0.014112
0.014243
0.017492
0.01422
0.014056
0.014458
0.014907
0.014415
0.014003
0.015745
0.014712
0.014615
0.014444
0.015002
0.0154
0.014159
0.014164
0.014664
0.014617
0.01539
0.014378
0.01536
0.014927
0.01572
0.014028
0.014235
0.014214
0.014092
0.014767
0.01542
0.014692
0.013944
0.014329
0.014457
0.014487
0.014533
0.014807
0.014615
0.014064
0.014441
0.014485
0.014125
0.014397
0.014333
0.014904
0.014177
0.014283
0.015832
0.014588
0.014724
0.01442
0.015166
0.015439
0.014203
0.014273
0.014015
0.014442
0.014602
0.014626
0.015407
0.014874
0.014513
0.015515
0.016025
0.015024
0.01451
0.014557
0.014354
0.01997
0.014707
0.014127
0.014697
0.014739
0.014762
0.014086
0.014937
0.01459
0.014635
0.015941
0.017793
0.01628
0.026439
0.014397
0.014668
0.014552
0.014667
0.014431
0.014231
0.014217
0.014123
0.014399
0.018509
0.028824
0.027604
0.014285
0.015333
0.015012
0.014328
0.015465
0.014007
0.014688
0.014116
0.014312
0.014333
0.014629
0.014851
0.014258
0.014504
0.014071
0.016366
0.014683
0.014767
0.014115
0.015417
0.014979
0.015391
0.01537
0.016554
0.01412
0.015644
0.014886
0.013701
0.014215
0.016326
0.014833
0.016784
0.014571
0.014715
0.013876
0.014308
0.014086
0.015594
0.014294
0.01553
0.015733
0.016244
0.015631
0.015586
0.015513
0.015335
0.016376
0.016212
0.016869
0.015858
0.015401
0.0154
0.015727
0.015187
0.015813
0.0183
0.014445
0.01429
0.014801
0.013984
0.014486
0.014465
0.014455
0.0142
0.01417
0.01468
0.014601
0.014895
0.014918
0.015087
0.014475
0.01568
0.014028
0.015203
0.014863
0.016232
0.014317
0.014564
0.014411
0.014949
0.014534
0.014217
0.013889
0.014448
0.014223
0.014509
0.014864
0.014543
0.014042
0.014162
0.014382
0.015573
0.015089
0.015556
0.015688
0.014396
0.014747
0.013946
0.014864
0.014671
0.018312
0.014821
0.016098
0.014485
0.014156
0.014293
0.014136
0.015304
0.014581
0.016846
0.014772
0.013982
0.013917
0.014389
0.026656
0.015603
0.015071
0.014177
0.013917
0.014494
0.016299
0.014997
0.014905
0.01476
0.014651
0.015051
0.014419
0.014515
0.014947
0.014504
0.013872
0.018438
0.016816
0.016086
0.01579
0.014375
0.014377
0.01526
0.026181
0.014184
0.017786
0.014808
0.014407
0.01554
0.014315
0.026658
0.014676
0.015413
0.015133
0.014043
0.015007
0.014176
0.019642
0.014657
0.014658
0.014932
0.014776
0.014373
0.015874
0.016685
0.015634
0.015484
0.014754
0.016475
0.015553
0.015397
0.016009
0.015413
0.016178
0.015625
0.01587
0.015478
0.014931
0.015696
0.014637
0.014463
0.014217
0.019504
0.014594
0.015686
0.01509
0.01481
0.014188
0.014803
0.014506
0.014448
0.014394
0.014589
0.014372
0.014125
0.014509
0.014031
0.014834
0.014282
0.014568
0.014482
0.014989
0.01545
0.014809
0.016278
0.016791
0.015102
0.013966
0.014209
0.015809
0.015053
0.014634
0.015539
0.014214
0.014654
0.014868
0.01446
0.014573
0.014217
0.014203
0.015612
0.014555
0.013967
0.014352
0.015107
0.014428
0.014454
0.01406
0.017466
0.014599
0.014867
0.01454
0.013999
0.014048
0.014705
0.01414
0.014636
0.014586
0.017143
0.014686
0.018274
0.014093
0.015558
0.014267
0.014784
0.015523
0.014198
0.014181
0.016154
0.014489
0.014737
0.014235
0.01509
0.015053
0.015975
0.014713
0.014836
0.014884
0.015567
0.014259
0.015109
0.016295
0.016164
0.016647
0.015137
0.014157
0.014402
0.01457
0.014183
0.015511
0.01577
0.014795
0.014103
0.014346
0.014507
0.014114
0.01481
0.014294
0.01399
0.0147
0.013985
0.015451
0.014483
0.014717
0.014247
0.017075
0.014691
0.014581
0.015712
0.014719
0.015403
0.014741
0.015231
0.013998
0.014332
0.014159
0.014534
0.014622
0.014293
0.014515
0.014293
0.0142
0.014165
0.014651
0.014327
0.019841
0.014527
0.014535
0.01458
0.014172
0.014461
0.014457
0.015814
0.015215
0.014581
0.015131
0.014681
0.014816
0.016025
0.014688
0.025942
0.014649
0.014202
0.015867
0.014568
0.014505
0.014604
0.014566
0.015981
0.014875
0.01727
0.014133
0.01421
0.01453
0.014223
0.014603
0.015806
0.015464
0.013849
0.015833
0.014407
0.014467
0.013964
0.015534
0.014737
0.01614
0.014248
0.016281
0.015127
0.01412
0.014738
0.015442
0.014173
0.015423
0.014362
0.014795
0.014232
0.015656
0.014935
0.016653
0.016826
0.01465
0.013843
0.015463
0.014415
0.015486
0.014376
0.016959
0.015103
0.014898
0.015833
0.016558
0.014766
0.016668
0.014492
0.014579
0.013957
0.014495
0.014866
0.014259
0.015324
0.015927
0.01455
0.014578
0.014206
0.017135
0.015683
0.016385
0.014048
0.014134
0.015539
0.016008
0.013917
0.014339
0.014183
0.014396
0.015615
0.026386
0.014596
0.015888
0.014462
0.014745
0.016597
0.014149
0.014439
0.014219
0.015211
0.014809
0.017606
0.015685
0.014771
0.015973
0.014846
0.014348
0.01458
0.015299
0.015335
0.014687
0.021487
0.015648
0.014309
0.014371
0.014263
0.014842
0.015947
0.014778
0.014805
0.014711
0.014451
0.014569
0.016244
0.014615
0.014515
0.014572
0.014913
0.01393
0.016385
0.015846
0.016066
0.015519
0.015353
0.015599
0.015883
0.015795
0.014955
0.014676
0.016804
0.014377
0.013963
0.014445
0.014464
0.014556
0.015033
0.014615
0.014745
0.01575
0.014114
0.014437
0.014782
0.015079
0.014423
0.014486
0.015123
0.015883
0.014332
0.014895
0.014806
0.014883
0.014992
0.014148
0.014125
0.014554
0.014066
0.015054
0.015008
0.014824
0.014505
0.016935
0.015725
0.01514
0.014103
0.019017
0.014316
0.015662
0.015896
0.016221
0.015741
0.014777
0.014083
0.016137
0.01443
0.015289
0.014609
0.014551
0.014108
0.014228
0.015537
0.014545
0.014486
0.013754
0.014784
0.014105
0.01441
0.014225
0.014627
0.015073
0.014557
0.014669
0.014053
0.014547
0.014232
0.015119
0.014009
0.015628
0.015652
0.014718
0.015404
0.014201
0.013963
0.014007
0.016216
0.014727
0.014171
0.014589
0.014908
0.014328
0.015635
0.014565
0.014368
0.014127
0.014819
0.015824
0.013913
0.014426
0.014589
0.015575
0.015837
0.014402
0.0153
0.015524
0.014511
0.014279
0.0147
0.014155
0.015969
0.015949
0.014438
0.014186
0.014294
0.014999
0.014403
0.01457
0.014521
0.014742
0.014567
0.014696
0.014299
0.014478
0.014906
0.0191
0.01455
0.015056
0.014687
0.014667
0.015887
0.014726
0.015409
0.01524
0.014802
0.014364
0.014209
0.014658
0.014361
0.014685
0.015307
0.014402
0.016928
0.01399
0.015019
0.014358
0.014829
0.013902
0.01591
0.014514
0.014298
0.014085
0.014392
0.014864
0.014764
0.014267
0.015998
0.014427
0.01537
0.015072
0.014173
0.014183
0.026626
0.014285
0.014489
0.014079
0.015147
0.017512
0.014615
0.014942
0.015413
0.014933
0.015528
0.015375
0.01509
0.015794
0.014825
0.013927
0.014633
0.015321
0.014022
0.020049
0.01422
0.015463
0.01392
0.014513
0.014318
0.014595
0.014064
0.015528
0.015441
0.014605
0.014051
0.01453
0.014394
0.01417
0.01555
0.013986
0.014687
0.014182
0.014525
0.014186
0.015947
0.014333
0.014852
0.014692
0.014644
0.015004
0.015
0.01545
0.015324
0.016008
0.014693
0.015497
0.026093
0.01427
0.014918
0.015597
0.01586
0.015995
0.015286
0.015379
0.027262
0.014556
0.014394
0.014023
0.014567
0.014891
0.014607
0.014408
0.014144
0.014239
0.014873
0.014556
0.014716
0.014427
0.014753
0.014678
0.014995
0.014996
0.014667
0.014593
0.014989
0.014229
0.014913
0.014173
0.014518
0.014384
0.014332
0.01476
0.014432
0.016242
0.019394
0.016408
0.014704
0.015821
0.014809
0.014579
0.01423
0.01563
0.015745
0.014163
0.014908
0.014464
0.014755
0.014269
0.015077
0.015893
0.014515
0.014452
0.014906
0.014882
0.014638
0.014509
0.014642
0.014969
0.014479
0.014527
0.014737
0.014837
0.014677
0.014508
0.014681
0.015357
0.014915
0.014668
0.017032
0.014664
0.01446
0.015398
0.014897
0.014141
0.014681
0.014039
0.014346
0.014237
0.020105
0.017405
0.015336
0.015115
0.014443
0.014577
0.01636
0.014516
0.015943
0.016214
0.027151
0.015852
0.015871
0.015114
0.015252
0.01426
0.014351
0.014179
0.014738
0.016147
0.014914
0.01466
0.014639
0.014398
0.014563
0.013917
0.01429
0.014114
0.01438
0.014721
0.014578
0.013936
0.014915
0.01531
0.014528
0.01486
0.015135
0.014854
0.015147
0.01458
0.015893
0.018137
0.014148
0.015469
0.014282
0.014508
0.014682
0.014187
0.014904
0.01456
0.014359
0.014632
0.014618
0.013999
0.015018
0.01414
0.015549
0.014735
0.015839
0.014623
0.014977
0.014311
0.01433
0.014938
0.014877
0.014283
0.014512
0.014615
0.022588
0.014516
0.014484
0.014274
0.014882
0.01466
