5.72992
6.10317
6.37433
16.0914
5.82822
12.4249
5.06853
15.1297
6.15222
8.64216
12.9531
7.7889
9.46621
9.89906
14.8604
14.4449
8.39354
11.0838
9.89678
16.3082
9.01321
8.55562
15.4098
14.999
15.1663
5.0049
14.9988
5.79896
7.0559
16.1338
15.1333
15.0957
15.4164
8.87507
6.30329
13.7381
9.34884
6.80378
10.4421
12.8135
4.13468
15.5106
9.1082
11.6619
14.9586
15.9722
7.45735
6.21164
9.92491
4.66551
11.3123
4.0704
13.9929
7.97544
7.88221
19.1011
15.1077
5.06232
13.4357
9.90926
8.02551
8.27768
12.6981
8.89625
4.96669
5.07418
8.15775
12.226
14.9815
15.489
19.4233
14.3851
4.28284
10.5334
16.8501
15.5256
6.8897
12.7719
5.70527
6.92487
7.96445
3.08927
16.9045
2.97295
17.4293
13.2003
4.00615
15.5284
18.9257
14.9522
7.44023
16.4233
10.3902
7.71564
3.32191
11.1807
14.8685
6.14079
7.3496
14.7437
17.3533
13.2976
13.55
11.7582
15.0775
5.79467
14.4199
17.4985
15.2879
6.13153
14.9271
10.6933
8.46653
6.37126
11.9057
7.03962
17.2589
12.7434
15.417
7.05968
8.46161
8.08725
8.59981
5.82843
16.6706
6.64656
8.9877
17.0385
16.1152
13.5089
9.19778
7.54253
10.8777
11.4592
11.7424
15.2228
5.16976
13.7822
18.0889
9.81048
5.89402
5.73647
18.7357
8.7313
6.64396
10.3467
14.2045
6.78927
9.08801
18.9814
15.2072
5.40446
14.1595
16.3803
11.9418
7.002
11.7237
17.387
5.05559
15.3548
5.70262
14.8215
8.04407
4.93706
5.0811
4.52046
11.1197
12.2246
15.5955
10.5537
15.3304
7.76438
5.87168
6.40177
15.1331
19.7621
16.783
15.9125
15.1234
16.0974
3.76578
15.4651
6.28992
7.40892
9.55981
15.4486
5.99899
17.0319
7.60473
8.70829
5.7
9.71678
12.3905
17.9727
13.9732
7.66801
8.95339
8.59642
15.2224
11.0907
19.0073
8.60453
16.1057
13.5459
12.5948
5.92587
6.42076
8.2886
4.92143
19.8844
4.34788
4.27649
15.8295
15.8069
14.557
14.8118
7.43742
3.71138
16.5688
16.6613
14.6241
4.60536
15.8433
10.578
5.41878
9.25881
8.65074
14.2294
15.6286
9.18233
10.1812
4.42638
15.6865
14.843
5.04128
17.1047
15.1121
5.34555
9.34564
20.2088
12.5585
13.0707
7.72128
15.3233
11.1319
15.2248
14.5385
7.82772
15.6407
4.89717
13.2991
7.38079
6.80208
15.0618
17.8444
6.62641
5.8719
5.76626
9.75599
10.9285
6.96612
15.1607
14.817
18.1336
11.6129
3.57011
15.1279
5.33392
10.0963
11.2538
13.9915
7.13033
16.4092
10.7746
12.9722
15.4338
9.5973
6.29685
15.8909
14.9699
9.67061
8.66171
7.65966
6.93551
12.3776
4.13629
9.41199
7.39607
6.38331
10.7712
15.7891
7.9766
18.5627
6.93464
6.66378
9.44901
10.1995
14.6719
14.5773
16.2899
9.19494
12.8696
9.26472
14.1558
8.79717
6.82846
7.84627
19.5936
16.1342
16.0455
16.7169
15.2685
8.03246
14.4855
15.3473
7.83967
11.2035
7.99981
7.18488
13.9159
6.15952
10.5665
9.16081
8.53179
8.04548
8.92149
16.7624
13.7192
15.0483
15.0459
9.03378
7.31314
4.64899
8.93116
9.19133
16.8831
7.2738
12.0205
9.91305
13.306
6.32419
11.9214
15.0851
4.76045
9.08441
8.66175
15.0071
7.12353
10.3529
14.7623
6.72919
15.1086
7.71214
15.295
18.5742
14.4006
17.7132
15.1118
15.7804
5.73101
15.0485
3.39914
14.4575
6.32806
15.6056
17.4652
4.03578
6.01901
17.6529
8.57223
16.2742
16.2411
18.0154
9.8024
14.9625
15.2152
7.80352
7.19113
5.34999
12.032
3.55039
6.73471
15.0918
4.70019
15.4645
10.3811
10.1138
14.5217
11.6479
7.02951
5.94661
16.6238
17.0547
13.6475
4.16367
14.7333
14.9068
21.2678
5.47814
7.82398
14.9381
17.1959
15.8138
7.21879
16.0192
15.8002
5.71287
15.5839
15.5753
14.7188
15.3317
14.0037
5.8452
4.68685
8.14392
7.84638
10.5082
17.4321
12.9748
15.9687
10.4713
13.9815
16.8427
6.20615
4.76455
8.95325
6.21307
13.912
16.2925
8.73833
9.01457
14.4926
5.5597
15.6036
8.73131
6.13434
11.4334
2.81812
16.7689
7.73591
15.6057
16.6306
8.0041
13.9832
13.5147
15.263
5.55228
6.15376
6.7501
15.269
14.5639
9.3159
12.4605
14.8571
18.3614
20.1372
19.3151
11.2622
17.0516
10.6831
3.1177
11.137
10.1873
6.4302
18.9042
6.73716
14.1945
16.4413
14.5306
13.939
7.01985
7.75889
10.6415
8.28904
9.66344
15.6615
11.011
10.1053
13.7079
16.1112
4.92976
10.7943
15.5232
3.49625
15.0704
13.8362
8.40122
6.61088
16.018
12.9354
15.7359
7.81146
7.65716
14.557
14.3922
18.069
4.49216
14.6785
9.92572
15.2115
13.6239
14.5702
14.8957
9.48611
15.9426
13.0193
6.34441
7.63059
15.1567
13.9744
8.69743
4.16052
11.1787
8.6128
12.4744
16.3128
9.84682
14.6533
12.4172
5.74086
17.9149
7.38235
14.0709
3.4526
9.21305
16.518
12.1883
5.88264
12.2911
11.0057
16.693
16.1961
17.8219
8.75496
7.60665
15.6422
8.31504
4.32565
7.36984
15.9097
12.9819
10.8696
9.60148
11.7707
15.3966
8.57673
14.2599
9.7551
14.9403
3.28314
10.1183
15.7764
17.8362
12.0153
8.90936
10.6039
6.07227
10.2848
9.29434
15.5314
15.058
13.3001
13.4682
14.6934
5.61358
7.73942
15.2479
5.659
17.5793
8.39323
10.2381
16.1404
11.1895
10.5662
5.42328
13.9922
15.8856
4.40024
8.98431
6.90695
18.5288
9.00327
15.3067
18.4178
4.81421
13.746
10.2099
13.8648
7.12636
8.08337
14.8029
14.636
11.8871
17.1352
6.6152
10.0843
13.7275
15.5567
17.7901
14.7331
8.42942
15.3629
8.58921
5.70149
17.2565
15.7181
11.5432
5.04809
17.716
13.4128
15.0016
4.58619
15.2655
15.1678
7.16475
19.8932
12.5706
8.08865
14.5201
8.86072
7.05563
8.28061
11.2721
16.5873
17.9368
7.44437
6.90096
9.11596
8.72197
4.00998
13.6591
14.5965
15.2687
15.4402
16.0686
4.06686
9.57465
17.8274
5.68657
8.02755
15.8775
4.73791
6.42192
15.2252
6.20465
5.20918
14.7108
15.3109
4.77928
6.34439
11.3778
4.62258
14.1213
15.735
4.4738
15.3857
2.72158
15.6548
5.7868
5.9011
15.2189
6.5643
4.5893
14.86
16.6074
8.02326
12.3881
17.3406
6.01199
8.03786
14.8497
13.4617
4.51586
13.9561
3.86196
9.11809
15.1369
16.7782
8.06148
16.714
12.1326
8.53624
18.3716
4.58769
10.5299
4.30783
13.3426
9.49837
5.14505
6.50338
10.4797
7.49487
9.16104
11.1933
8.45095
9.4408
15.032
16.1298
9.93261
14.68
17.2687
13.4545
9.08778
16.6046
16.7265
6.52124
9.3532
13.0529
14.8182
8.91547
3.53579
8.96677
16.286
6.42035
7.54882
7.1909
13.1176
16.4683
6.30571
3.32711
15.829
5.42889
6.13424
7.22987
14.9886
8.32906
12.7843
15.2257
8.5884
13.4808
13.7941
13.7054
13.5995
19.7733
8.24088
7.42274
8.6111
12.909
14.8149
8.56005
6.85038
8.7072
5.434
11.8884
9.7679
18.4177
13.6331
15.0168
12.0559
5.59614
13.4872
6.17405
9.01249
8.9137
15.5313
6.30886
15.4012
6.94484
14.6226
7.43403
15.3197
14.9322
12.3316
18.171
10.2836
7.55711
6.05164
12.4614
13.0665
9.13221
11.1683
11.7873
10.0725
4.89261
12.6044
5.11751
9.69296
14.427
7.21282
7.0782
5.45374
4.91714
15.1161
15.5238
5.90114
13.5646
11.3576
5.61248
10.5241
7.36277
10.729
15.2001
7.18493
14.6433
14.9853
15.941
15.1593
17.5829
3.56378
16.3224
7.53325
12.3812
6.36806
16.1398
15.1248
13.0081
16.1774
17.9241
5.93459
15.0045
7.40522
6.73121
8.34314
16.1243
5.68695
6.29324
6.80258
15.6753
16.6929
14.7726
16.5348
14.9668
9.57465
10.0874
19.4095
8.39164
5.48975
9.89625
15.2575
10.8297
14.9043
8.2394
16.4051
3.50449
15.6173
12.9553
14.4647
19.1493
15.9832
14.3707
10.903
6.26829
17.1796
15.2972
15.0053
10.9953
9.85452
10.2161
9.69884
7.54488
5.09769
6.41998
5.69321
11.7007
15.2376
17.5174
6.97651
3.25554
16.8235
9.73323
12.1998
12.4166
7.25238
18.7282
4.50705
15.508
17.4345
5.63323
13.9736
14.5349
11.5081
10.7317
5.9368
4.32564
7.89391
16.9305
15.3663
15.9061
13.4158
7.61655
17.5506
14.8173
9.56052
15.6735
6.63191
8.1433
11.8047
15.0041
18.5776
6.69115
3.92868
13.7871
5.20313
14.0459
14.5675
10.1783
12.3043
13.6166
11.7505
14.6212
6.90214
6.13764
9.845
9.72093
6.74928
7.77712
14.3391
7.76374
8.65885
7.48912
18.4097
7.67618
3.33965
8.74548
5.50971
6.34129
9.89466
3.29374
10.2521
15.98
16.1373
7.72783
12.9937
6.63312
6.39427
7.26211
8.91665
7.74851
11.5759
4.42958
12.0786
8.37859
9.30043
8.17899
10.7114
14.2864
10.6772
15.3392
6.11026
15.041
12.125
15.1897
8.28976
10.0216
13.1611
13.7564
9.39377
15.5473
11.2832
15.1542
9.07059
7.01386
14.1571
6.36404
12.8847
10.8793
15.2868
12.0532
11.9624
12.3969
11.7017
9.10891
6.26182
8.82657
9.0996
17.4079
17.9561
11.8983
11.2723
10.8953
15.0657
14.8257
7.10661
7.45598
14.3386
14.6885
5.09766
16.8234
13.23
5.31231
19.4035
3.96648
7.86168
17.6858
9.88103
8.15072
2.72673
6.48594
8.40672
9.96192
14.357
16.259
14.7553
11.8158
15.0493
8.98297
6.35443
7.14156
18.4836
8.07999
