2.68023
2.81204
3.08447
7.20799
2.76314
5.89758
2.44033
6.89626
2.91577
4.0101
5.84383
3.71251
4.43211
4.62282
6.75568
6.53395
3.92971
5.21956
4.73024
7.30136
4.24119
4.18689
6.66681
6.48175
6.70793
2.40539
6.51573
2.73586
3.38455
7.34418
6.59447
6.97932
6.88481
4.19874
2.98563
6.22721
4.38583
3.23073
4.84578
6.05027
1.96676
6.74712
4.27055
5.306
6.62709
6.71903
3.56826
2.90772
4.63698
2.197
5.34015
1.96864
6.54747
3.81691
3.75192
9.16553
6.72553
2.36936
6.33904
4.70993
3.78985
3.82158
5.78938
4.23995
2.41744
2.44815
3.8922
5.61187
6.77295
6.81827
9.45524
6.34659
2.09351
4.8019
7.48076
6.7551
3.34214
5.91169
2.70123
3.25641
3.81485
1.44912
7.7616
1.40359
7.36876
6.14464
1.85608
6.67575
8.5395
6.55669
3.47861
7.18523
4.6955
3.63843
1.54702
5.25024
6.82973
2.79377
3.55769
6.71377
8.01118
6.15721
6.30875
5.45199
6.6361
2.7239
6.6175
7.6009
6.60192
2.91933
6.91462
4.90616
4.03717
2.99303
5.49637
3.23368
7.46471
5.79199
6.86101
3.19853
4.03677
3.71526
3.96234
2.74957
7.68046
3.13026
4.36334
7.72535
7.20387
6.13227
4.34498
3.4178
5.1472
5.26776
5.36346
6.53933
2.49614
6.10759
7.83501
4.51054
2.79717
2.67933
8.61974
4.05998
3.16715
4.80245
6.60747
3.12419
4.42435
8.42036
6.66502
2.53142
6.50427
7.47222
5.29996
3.18583
5.52996
7.88848
2.4708
6.53008
2.77106
6.57295
3.73142
2.31305
2.42245
2.0677
5.20638
5.68637
7.05816
4.75264
7.15836
3.69497
2.75221
2.89432
6.647
9.29482
7.20267
7.09594
6.78572
6.64071
1.77217
6.6086
2.99037
3.40002
4.44654
6.75762
2.87322
7.34986
3.60859
4.0641
2.67541
4.4274
5.72661
8.10297
6.34828
3.61564
4.03003
4.07902
6.5155
5.17361
8.9368
4.0138
6.95178
6.12172
5.58771
2.69324
3.02453
3.83605
2.36082
9.17546
2.06815
2.0083
6.78011
6.50482
6.54695
6.72933
3.41599
1.74238
7.14932
7.1331
6.69588
2.10947
6.68085
4.85378
2.54394
4.23722
4.11077
6.47773
6.63145
4.22835
4.78741
2.0667
6.80509
6.48851
2.40105
7.57862
6.54272
2.42977
4.38201
9.75064
5.5498
5.93708
3.62265
6.70279
5.26554
6.50334
6.76251
3.65714
6.90364
2.29356
6.09702
3.34509
3.15375
6.36731
8.28448
3.02724
2.78597
2.62797
4.51932
5.02267
3.26233
6.74359
6.75062
7.71918
5.41775
1.65045
6.62926
2.42658
4.88521
5.05802
6.41331
3.30684
7.06146
4.96284
6.04974
6.7573
4.52402
2.86066
7.0689
6.69596
4.40287
3.9824
3.57626
3.11136
5.7618
1.87345
4.37004
3.38698
3.01964
4.87649
7.10562
3.67803
8.88753
3.22739
3.06212
4.35121
4.77143
6.66093
6.5541
6.95528
4.32689
5.7768
4.14121
6.54785
3.95144
3.22024
3.63184
9.16719
7.03518
6.91663
6.85904
6.4896
3.70249
6.64988
6.76773
3.60071
5.00847
3.76045
3.31261
6.11545
2.9001
4.93983
4.20548
3.88199
3.70386
4.21629
6.91258
6.41513
6.42149
6.6777
4.09514
3.41853
2.18709
4.09451
4.22873
7.02362
3.34426
5.54137
4.52919
6.06501
2.92064
5.40487
6.52438
2.19156
4.15266
4.01943
6.39941
3.35266
4.73151
6.56855
3.09586
6.43448
3.53276
6.84731
8.50289
6.66431
7.93236
6.67121
6.70646
2.6635
6.44617
1.58312
6.47384
2.96215
6.57204
7.77238
1.85038
2.82582
8.24074
4.07244
7.45846
6.94222
8.34515
4.61281
6.78618
6.87865
3.57848
3.30335
2.39506
5.46999
1.63099
3.20424
6.98641
2.27798
6.83931
4.90532
4.5554
6.69044
5.26808
3.32166
2.71633
7.05805
7.75767
6.29412
1.94451
6.8977
6.35115
10.4772
2.48925
3.5714
6.85735
7.66676
6.86022
3.27471
7.11459
6.59669
2.72338
6.8097
7.04945
6.73362
6.94409
6.31667
2.75942
2.15344
3.84503
3.64384
4.90194
7.37967
5.98922
6.53777
4.87352
6.42681
7.63717
2.90994
2.21726
4.13984
2.95678
6.27875
6.82804
4.01634
4.34004
6.4351
2.55684
6.66891
4.07858
2.89817
5.33796
1.28387
7.20598
3.58533
6.78762
7.09215
3.79117
6.40851
6.30915
6.61097
2.6097
2.81402
3.16532
6.38042
6.67748
4.28942
5.75946
6.70671
8.66177
9.50315
9.01857
5.16817
7.19987
4.95655
1.47687
5.00584
4.75771
3.01237
9.07731
3.06209
6.36503
6.86787
6.71936
6.4748
3.37912
3.59716
4.87399
3.84858
4.53024
6.58889
4.96832
4.6201
6.40228
7.241
2.40252
4.83232
6.50639
1.59955
6.70672
6.25463
3.92557
3.0799
6.96833
5.94878
6.82934
3.59235
3.641
6.60354
6.51916
7.77005
2.1737
6.69141
4.61399
6.62791
6.26275
6.58916
6.66476
4.49604
6.61895
6.08056
2.95753
3.5591
6.50255
6.65583
4.01179
1.98944
5.07841
4.03264
5.74356
7.77755
4.64247
6.58209
5.55796
2.79003
8.32715
3.54123
6.22604
1.64281
4.40567
7.35029
5.63865
2.81449
5.43954
5.06103
7.07384
7.04293
7.60995
4.03895
3.49582
6.64117
3.80283
2.03182
3.39024
6.67703
5.92474
5.12213
4.40323
5.40613
6.68667
3.94905
6.45594
4.58074
6.71783
1.5627
4.67364
7.13182
8.32619
5.48772
4.1405
4.93352
2.73546
4.7951
4.33573
6.94953
6.56492
6.23119
6.0428
6.60518
2.55818
3.65623
6.71241
2.64522
7.9969
3.86088
4.694
6.85273
5.16932
4.79607
2.52019
6.42555
6.58091
2.10516
4.12436
3.14611
8.0437
4.21271
6.8564
8.44874
2.20802
6.26275
4.60889
6.30163
3.27813
3.663
6.65327
6.66189
5.50063
7.42269
2.98257
4.75866
6.1138
6.65393
7.72236
6.77858
3.84057
6.65885
3.93389
2.69993
7.36139
6.78993
5.21338
2.40493
8.09789
6.08724
6.73209
2.16207
6.89862
6.87142
3.28089
9.91066
5.70841
3.81841
6.5566
4.08975
3.38052
3.77661
5.37164
7.35872
8.02324
3.36238
3.28331
4.18272
4.07428
1.84878
6.52166
6.50088
6.94034
6.55784
7.01285
1.91797
4.57843
7.99462
2.69792
3.73156
6.82899
2.15448
3.01563
6.90453
2.8492
2.44766
6.5718
6.50978
2.17885
3.08588
5.17276
2.25774
6.39896
6.59008
2.08742
6.73514
1.29575
7.0609
2.76756
2.74959
6.51761
2.99812
2.15985
6.59271
7.19737
3.72605
5.82013
7.26008
2.92143
3.65039
6.7579
5.92105
2.16533
6.30548
1.8761
4.08692
6.83849
6.98465
3.85053
7.44335
5.705
3.92735
8.55904
2.18425
4.96848
1.99753
6.14831
4.3487
2.41818
2.98348
5.02005
3.4535
4.34606
5.11385
3.98023
4.34147
6.88889
7.24118
4.71488
6.71768
7.36154
6.00032
4.34419
6.87364
7.14079
2.96474
4.42654
5.87784
6.53076
4.06037
1.70241
4.14446
7.12157
3.01486
3.5638
3.34259
5.90267
7.0767
3.07404
1.53519
7.02915
2.49071
2.98887
3.44673
6.78708
3.92839
6.058
6.73382
4.02297
6.04829
6.35156
6.36323
6.37416
9.25191
4.05003
3.44981
3.9759
5.93362
6.75808
4.03493
3.30433
3.99167
2.6024
5.43295
4.66491
8.71649
6.52687
6.81833
5.43018
2.71137
6.10994
2.94983
4.15954
4.25625
6.9169
3.01848
6.82866
3.34715
6.466
3.54701
6.84918
6.79226
5.48833
8.39486
4.77233
3.58907
2.81827
5.63598
5.75342
4.34083
5.12047
5.47768
4.60632
2.30828
5.61006
2.40483
4.40735
6.62376
3.29771
3.32005
2.55529
2.25829
6.45691
6.56366
2.76481
6.33391
5.10589
2.69106
4.78789
3.45285
4.91431
6.74646
3.27071
6.59345
6.55646
7.27419
6.76589
7.33673
1.70642
6.85893
3.56963
5.55298
3.08715
7.35069
6.39964
6.18333
7.21236
7.63892
2.76387
6.78486
3.47698
3.02457
3.92693
6.79333
2.71706
2.87945
3.30504
6.7159
7.2485
6.54112
7.1448
6.67124
4.53028
4.774
8.69438
3.96236
2.59312
4.6388
6.51581
5.10696
6.62347
3.8979
6.93677
1.66468
6.80082
5.96004
6.42225
8.87205
6.78218
6.74492
4.98614
2.96595
7.45485
6.97337
6.56475
5.2408
4.49285
4.71774
4.45065
3.56679
2.35258
3.01545
2.63964
5.52896
6.53161
7.82411
3.21337
1.473
7.32086
4.46418
5.63087
5.45417
3.55862
8.58217
2.14021
6.76571
8.2378
2.63285
6.40468
6.44523
5.49869
5.15227
2.74063
2.14213
3.57604
7.39715
6.82193
7.02536
6.17023
3.53733
7.37302
6.61594
4.41006
6.91804
3.06985
3.83374
5.3981
6.80654
8.63969
3.13786
1.87909
6.38909
2.4982
6.51565
6.55578
4.84452
5.5994
6.46005
5.43876
6.69184
3.19337
2.88757
4.54231
4.51076
3.11464
3.65308
6.43597
3.69971
3.93143
3.52735
8.78989
3.63503
1.56304
4.09926
2.65242
2.99409
4.61389
1.58542
4.57848
6.94387
6.7893
3.62999
5.99105
3.16075
3.05571
3.45036
4.14448
3.75308
5.28873
2.05604
5.70141
4.00745
4.36001
3.90499
4.97557
6.56014
4.90372
6.94568
2.80521
6.72972
5.6573
6.79691
3.82571
4.76817
6.03986
6.4073
4.38108
7.00097
5.23602
6.61887
4.25552
3.33232
6.5938
3.04602
5.87781
5.0313
6.55415
5.6373
5.32899
5.77956
5.38072
4.36765
2.94101
4.17625
4.27704
7.65323
7.71294
5.41178
5.09603
5.18673
6.80719
6.72904
3.38469
3.57004
6.76256
6.82408
2.39387
7.45868
6.06755
2.55435
9.36468
1.89423
3.63479
8.33002
4.65495
3.94039
1.26891
3.0732
3.88753
4.70697
6.25394
7.23918
6.41097
5.54138
6.87002
4.26981
2.93113
3.30197
8.5731
3.84462
