2.13785
2.17037
2.06659
2.23244
2.10927
2.10677
2.07698
2.1939
2.10998
2.1551
2.21654
2.09801
2.13583
2.14134
2.19969
2.21074
2.13592
2.12352
2.09224
2.23358
2.12516
2.04343
2.31142
2.31404
2.26095
2.0807
2.30194
2.11961
2.08474
2.19682
2.29484
2.16291
2.23918
2.11374
2.1112
2.20614
2.1316
2.10596
2.15488
2.11784
2.10228
2.29884
2.13279
2.19787
2.25719
2.37715
2.08991
2.13626
2.14038
2.12358
2.11835
2.06762
2.13714
2.0895
2.10085
2.08401
2.24632
2.13658
2.11951
2.10391
2.11763
2.16604
2.19335
2.0982
2.05452
2.07266
2.09592
2.17859
2.21196
2.27169
2.05424
2.26658
2.04576
2.19358
2.25245
2.29836
2.06147
2.16045
2.1121
2.12654
2.08775
2.13183
2.17797
2.1181
2.3653
2.14826
2.15839
2.32609
2.21625
2.28045
2.13885
2.2857
2.2128
2.12059
2.1473
2.12955
2.17702
2.19803
2.06584
2.19604
2.16614
2.15968
2.14781
2.15669
2.27205
2.12734
2.17906
2.30217
2.31568
2.10032
2.15877
2.17957
2.09714
2.1287
2.1661
2.17697
2.31206
2.20017
2.24704
2.20716
2.09613
2.17677
2.17039
2.11976
2.17053
2.12333
2.05982
2.20554
2.23702
2.20292
2.11687
2.20684
2.11333
2.17534
2.18934
2.32788
2.0711
2.25656
2.30873
2.17501
2.10713
2.14101
2.17358
2.15058
2.09777
2.15445
2.14977
2.17313
2.05409
2.25422
2.28164
2.13495
2.17695
2.19216
2.25319
2.19786
2.12003
2.20411
2.04614
2.35139
2.05792
2.25492
2.15577
2.13444
2.09751
2.18623
2.13578
2.14981
2.20957
2.22059
2.14161
2.10134
2.13345
2.21184
2.27668
2.12614
2.33011
2.24248
2.22872
2.42404
2.12496
2.34015
2.10339
2.17908
2.14995
2.28609
2.0879
2.31731
2.1074
2.14274
2.13051
2.19469
2.16367
2.21803
2.20111
2.12079
2.22167
2.10747
2.33634
2.14371
2.12685
2.14373
2.31677
2.21275
2.25402
2.20027
2.1229
2.16071
2.08463
2.16713
2.10231
2.12941
2.3347
2.43002
2.22348
2.20109
2.17724
2.13007
2.31754
2.33577
2.18404
2.18318
2.37145
2.17933
2.13007
2.18511
2.10441
2.19666
2.35673
2.17161
2.12666
2.14176
2.30511
2.28759
2.09962
2.25697
2.30976
2.20002
2.13273
2.07256
2.26287
2.20154
2.13139
2.2861
2.1141
2.34107
2.14987
2.14039
2.26557
2.13518
2.18125
2.20645
2.15682
2.36549
2.15396
2.18893
2.10767
2.19419
2.15873
2.17583
2.13532
2.24817
2.1949
2.34916
2.14349
2.16311
2.28199
2.19812
2.06672
2.22495
2.18163
2.15624
2.32377
2.17105
2.14426
2.28402
2.12141
2.20119
2.24801
2.23566
2.19643
2.175
2.14181
2.22909
2.14821
2.20785
2.15375
2.18368
2.11393
2.2088
2.22205
2.16871
2.08863
2.14868
2.1762
2.17158
2.13762
2.20268
2.22415
2.3421
2.12507
2.22781
2.2372
2.1619
2.22632
2.12048
2.16041
2.13736
2.29336
2.31985
2.4372
2.35276
2.16947
2.1783
2.26771
2.17726
2.23691
2.12736
2.16895
2.27553
2.1239
2.13903
2.1783
2.19779
2.17219
2.11596
2.42492
2.13858
2.34343
2.25316
2.20598
2.13927
2.12565
2.18125
2.17354
2.40376
2.17501
2.16923
2.1887
2.19389
2.16534
2.20567
2.31211
2.17218
2.18761
2.15497
2.34508
2.12474
2.18807
2.24742
2.17361
2.34807
2.18304
2.23372
2.18446
2.16086
2.23304
2.26523
2.35301
2.15169
2.33448
2.14711
2.23322
2.13631
2.37455
2.24709
2.18105
2.13
2.14215
2.10493
2.18198
2.33946
2.15878
2.12504
2.20485
2.21195
2.18068
2.17692
2.23376
2.19963
2.17683
2.10181
2.16017
2.06331
2.26112
2.1163
2.22019
2.17052
2.21104
2.11627
2.18921
2.3553
2.19844
2.16829
2.14124
2.13597
2.34711
2.02991
2.20072
2.19073
2.17841
2.24292
2.30515
2.20441
2.2516
2.39518
2.09772
2.28849
2.20944
2.18587
2.20788
2.21694
2.11828
2.17644
2.11804
2.15333
2.14368
2.36217
2.16636
2.44253
2.14861
2.17549
2.20535
2.13274
2.14885
2.1627
2.1013
2.21573
2.38612
2.17569
2.07707
2.25212
2.17444
2.33975
2.14077
2.11663
2.1419
2.19502
2.32708
2.15766
2.29915
2.34494
2.11125
2.18197
2.14208
2.30874
2.12756
2.18682
2.13252
2.3931
2.18104
2.17183
2.16348
2.21526
2.11982
2.119
2.1417
2.17915
2.36832
2.15535
2.11102
2.2248
2.14122
2.1346
2.08257
2.20018
2.23007
2.39395
2.16249
2.15281
2.07742
2.15695
2.18332
2.1538
2.1331
2.37696
2.21623
2.18724
2.14109
2.22499
2.05191
2.23378
2.38583
2.18577
2.24706
2.21215
2.14013
2.14646
2.29869
2.17447
2.30416
2.17447
2.10304
2.20443
2.20768
2.32547
2.06659
2.19364
2.15122
2.29506
2.17539
2.21123
2.23499
2.10988
2.40863
2.14113
2.14517
2.14397
2.33088
2.09957
2.16796
2.09131
2.20121
2.13577
2.1719
2.09742
2.12103
2.22624
2.23412
2.05763
2.15138
2.08469
2.26002
2.10164
2.09118
2.24726
2.16156
2.09013
2.25957
2.17461
2.35982
2.29963
2.34192
2.16764
2.17593
2.35534
2.18654
2.12896
2.17384
2.38276
2.19114
2.1221
2.18056
2.17729
2.30258
2.17185
2.20881
2.12959
2.22397
2.10095
2.16498
2.21211
2.14219
2.18948
2.15176
2.14936
2.21983
2.14486
2.14366
2.23488
2.29371
2.13445
2.2288
2.22452
2.19436
2.11678
2.27159
2.13933
2.19826
2.17392
2.1811
2.35532
2.16459
2.2031
2.15194
2.17758
2.41389
2.09021
2.17835
2.19539
2.30351
2.13717
2.23247
2.17994
2.18033
2.19488
2.21526
2.20019
2.17391
2.20676
2.22491
2.19698
2.16105
2.30849
2.21795
2.11915
2.24534
2.33797
2.30371
2.17348
2.19484
2.30714
2.18339
2.11172
2.34419
2.31491
2.21415
2.09906
2.18773
2.20343
2.22837
2.1212
2.21284
2.20738
2.18378
2.00725
2.20212
2.11833
2.21458
2.16656
2.08715
2.1926
2.09845
2.25411
2.23561
2.21402
2.10183
2.17943
2.14074
2.16898
2.09442
2.24531
2.2
2.35446
2.29131
2.1204
2.09125
2.22992
2.10776
2.15126
2.32502
2.1991
2.12954
2.2051
2.17768
2.12823
2.23847
2.35199
2.19348
2.05594
2.19956
2.04744
2.20682
2.38768
2.14322
2.28439
2.10038
2.21712
2.09093
2.14617
2.33504
2.18947
2.12483
2.254
2.30742
2.15329
2.12848
2.38848
2.05789
2.20192
2.19739
2.27353
2.08553
2.21332
2.0585
2.23104
2.21349
2.40215
2.0936
2.24549
2.12665
2.17354
2.14645
2.10035
2.11934
2.15658
2.17013
2.18418
2.12765
2.1798
2.08757
2.17023
2.1079
2.18883
2.12323
2.17457
2.18206
2.22752
2.10665
2.18527
2.3458
2.24229
2.09194
2.41569
2.34239
2.1996
2.11298
2.2207
2.26899
2.19573
2.07693
2.16356
2.28685
2.12957
2.1182
2.15129
2.22232
2.32711
2.05128
2.16723
2.25191
2.17966
2.05236
2.0976
2.20841
2.12022
2.11032
2.26109
2.13484
2.22887
2.17176
2.15385
2.13353
2.13721
2.03477
2.15164
2.16583
2.17557
2.19218
2.12149
2.07315
2.18134
2.08807
2.1882
2.09391
2.11297
2.08877
2.20241
2.22017
2.06396
2.20743
2.09302
2.1667
2.09426
2.24541
2.09008
2.25538
2.07485
2.26146
2.09586
2.23672
2.19842
2.24689
2.16454
2.15484
2.10559
2.14729
2.21104
2.27109
2.10379
2.18111
2.15187
2.18667
2.11959
2.24674
2.12801
2.19927
2.17807
2.18722
2.13195
2.13429
2.17737
2.34107
2.36511
2.13438
2.14158
2.22442
2.0856
2.19806
2.13237
2.18322
2.25305
2.19675
2.22089
2.28559
2.19145
2.24055
2.39656
2.08845
2.37973
2.11037
2.22966
2.06276
2.19569
2.36338
2.10374
2.24302
2.34642
2.14721
2.21147
2.12978
2.22551
2.1246
2.37356
2.09305
2.18557
2.05824
2.33406
2.30294
2.25842
2.31424
2.24348
2.11348
2.11299
2.23242
2.11784
2.11704
2.13336
2.34161
2.12058
2.25023
2.1138
2.36495
2.10521
2.29638
2.17369
2.25228
2.15838
2.35664
2.1306
2.18667
2.11341
2.30448
2.19366
2.28574
2.09801
2.19338
2.16547
2.1792
2.11531
2.16685
2.12903
2.15681
2.11626
2.3329
2.2389
2.17108
2.21015
2.29802
2.1803
2.1666
2.27653
2.03798
2.18223
2.1059
2.29214
2.1164
2.13959
2.18178
2.25514
2.09287
2.0829
2.16621
2.01932
2.20745
2.28878
2.25249
2.26409
2.17428
2.15319
2.38039
2.23963
2.16789
2.2656
2.16034
2.12412
2.18682
2.20436
2.15026
2.13239
2.09074
2.15792
2.08275
2.15572
2.22209
2.10099
2.19743
2.10782
2.16052
2.18492
2.1614
2.12553
2.1674
2.15505
2.16695
2.12892
2.22796
2.09847
2.20247
2.12316
2.09442
2.11172
2.13664
2.13343
2.07724
2.11793
2.14454
2.07752
2.2392
2.30131
2.37688
2.12888
2.16885
2.09859
2.09257
2.10474
2.15145
2.06457
2.18879
2.15442
2.11853
2.09075
2.13312
2.0945
2.1528
2.17775
2.17738
2.20845
2.17819
2.235
2.14325
2.23479
2.16686
2.10178
2.17905
2.14699
2.14417
2.22073
2.15493
2.28955
2.13149
2.1048
2.14703
2.0893
2.19209
2.16232
2.33239
2.13811
2.24477
2.14496
2.17475
2.08554
2.12914
2.11351
2.12755
2.27458
2.32805
2.1986
2.21197
2.10062
2.2132
2.20323
2.09963
2.08848
2.12029
2.15244
2.12946
2.25555
2.18046
2.07971
2.07199
2.09398
2.1629
2.12314
2.1227
2.06851
2.14888
2.11048
2.16248
2.11642
2.29567
2.24598
2.30157
2.13228
2.19058
2.10383
2.16791
2.16282
2.156
2.10164
