74.9911
20.5519
27.8146
24.6515
43.3136
51.5714
29.1035
20.0566
21.1314
25.5198
29.1531
46.2002
15.3148
46.2693
43.374
20.8004
27.9269
46.0583
29.4615
45.7786
40.7896
38.6077
28.5395
56.5452
41.5697
29.8616
16.004
34.1881
37.403
39.6931
57.9675
32.5547
54.4965
21.7282
29.7925
42.2281
58.9203
72.5947
63.1998
37.2118
46.5417
25.3451
60.3939
45.2306
14.6469
64.4953
53.9169
76.1299
39.0848
32.9626
64.7259
47.1375
74.72
67.1509
59.983
32.1108
17.0473
40.376
44.9107
50.6621
25.6297
61.207
38.1077
18.9152
47.1005
26.6508
50.7712
74.4209
49.8725
44.1003
27.3603
31.8638
32.9322
16.5046
76.7217
62.4231
58.5008
58.2017
16.5675
47.1338
47.989
28.8183
59.8496
38.5087
51.1017
49.9699
40.7146
37.0806
21.7437
45.8844
38.4576
44.8304
33.3615
20.7987
25.2185
62.5053
64.9618
34.5021
57.0031
68.9896
42.2521
34.8783
49.2532
28.4083
41.4721
35.1992
46.6032
34.7793
22.3695
52.9256
54.6951
15.234
65.2578
31.9233
47.8054
52.0311
19.1384
74.8041
27.0563
74.8225
57.19
40.5364
65.8713
47.6857
46.4061
57.6356
38.3795
40.1299
42.5073
55.1217
17.1664
17.6235
28.2381
50.5156
45.2314
54.3074
47.6289
37.5367
56.8925
66.9008
36.2116
28.9645
43.8752
29.2649
15.5677
52.8428
57.423
59.2912
34.2739
38.1043
33.7235
29.3035
27.3727
17.6147
54.8824
72.1402
53.9615
24.2297
20.8614
33.3673
28.6988
41.9019
30.9473
62.0685
53.994
41.4657
33.5145
27.5397
31.4897
62.355
20.3819
59.5733
38.3441
29.0432
70.9899
28.9505
33.1113
28.0664
22.357
71.7445
68.0573
46.7444
15.917
57.9788
60.0862
57.3126
62.5352
25.8218
29.3527
52.9378
50.3256
46.9867
27.1205
57.8533
51.9452
36.9775
39.5929
42.4167
45.5752
67.0338
44.3628
39.1319
39.8296
55.2369
44.9163
45.2181
21.8499
59.6569
29.3459
30.0254
61.0832
38.1025
47.3319
62.4354
49.0001
49.3985
20.6617
69.2597
43.2613
59.6854
54.4518
35.6106
58.5057
51.4532
34.4389
32.8209
45.9422
35.8316
33.2191
28.3353
21.1859
63.2828
18.1482
45.4829
30.0928
66.3168
44.2986
22.3176
37.7115
50.3071
20.4285
26.4416
37.3893
66.2818
49.7105
42.0494
26.4211
44.6655
32.6152
52.4501
42.7625
53.4817
36.3597
63.1293
26.088
45.8785
44.0378
27.9971
43.7834
23.5728
48.7057
57.9425
22.3414
62.3934
29.7792
57.8201
46.5343
52.203
63.6905
39.3715
26.1854
36.0026
27.6282
31.2443
28.7119
66.6896
76.6841
37.9547
50.6282
33.8538
18.3051
36.2549
45.5551
44.5314
74.4882
20.5208
29.8127
14.3077
16.5974
35.0255
59.3226
63.7164
48.0753
37.855
47.8184
49.0416
29.4861
24.1245
63.2577
57.9829
72.1813
14.8813
55.5977
44.2642
43.0555
31.625
35.883
39.2585
41.5384
42.3894
44.6929
30.0211
28.5659
26.7386
67.5326
26.1746
17.9165
26.7096
71.2638
58.5434
53.3872
42.7585
53.5338
19.4674
36.0009
32.633
63.7652
24.1976
56.4328
76.7607
62.5008
24.435
48.8199
40.4198
61.5026
41.4286
35.2998
54.1539
25.772
67.0623
47.0729
32.7058
72.4192
28.8396
46.3413
36.5384
69.6673
36.3105
41.1699
47.1429
27.474
52.8207
40.026
41.5466
20.3376
28.4637
31.0053
35.7653
53.5758
41.0463
38.8061
65.0399
48.1444
40.4014
67.8708
52.5557
36.1366
52.9544
33.6659
43.5328
59.8455
61.0871
79.325
38.2262
24.0078
23.2644
39.6311
58.3258
43.094
34.7126
64.7946
28.0156
62.6574
31.0339
65.9966
41.7585
35.9608
47.8721
44.2071
54.3675
37.7175
50.8438
54.7504
69.0181
42.8669
23.0913
42.2601
53.2926
59.9923
71.4408
43.5577
58.1166
24.2793
41.4277
59.2844
44.6419
35.2107
60.4646
31.5566
60.1282
36.0886
54.4229
35.2007
60.1422
25.4715
68.5917
54.1989
40.6207
25.0837
49.8033
52.5811
29.7638
49.2806
15.285
61.35
24.508
28.0132
15.6234
63.784
74.0587
28.8825
37.9276
61.6925
28.2985
32.5705
71.1639
27.9569
75.939
25.0233
41.9722
34.6885
74.2816
45.4268
22.9948
42.3167
30.3753
32.3211
60.5678
63.6685
21.5207
31.4314
40.291
37.1435
39.8163
64.4721
52.3799
24.1902
36.8371
18.3878
60.436
33.7296
26.5628
65.9963
39.3618
21.0479
39.6777
17.0647
60.4213
18.0573
36.0171
54.294
28.2143
36.9255
50.0526
54.5535
36.5409
28.2958
28.5513
41.7717
59.5924
40.5115
28.7236
19.5812
12.5951
59.4275
63.29
41.5106
25.2911
56.329
43.7417
20.5691
24.9826
64.7422
38.1871
38.776
74.63
14.8633
63.1628
30.7184
37.2611
30.3806
41.2483
32.7666
27.8529
22.9683
46.5934
63.7144
26.5693
45.5823
41.8882
46.4512
55.1734
16.6053
39.3644
24.6606
49.6193
49.3021
17.5134
51.1143
36.1498
40.3041
28.3298
68.4679
16.0982
37.6397
45.5396
28.7197
39.6153
42.397
30.5682
27.7531
38.0439
18.9805
40.6215
48.1601
30.6964
19.5839
32.5195
50.3732
36.7026
40.8045
61.1501
57.3037
25.8074
28.74
28.3154
34.8121
26.8231
49.9695
25.9513
70.7167
75.1547
66.055
32.6547
19.1681
32.2757
60.5614
41.0206
75.6051
53.0958
23.8348
33.5262
43.0609
36.167
38.6041
52.7683
32.9964
59.0838
68.2391
75.2137
50.8837
31.8389
35.8426
30.1221
58.973
60.1758
39.5656
50.3368
71.6739
70.7735
78.4113
41.3523
46.6343
19.4683
42.8531
39.4098
31.0926
59.876
44.542
32.4616
52.7877
50.5004
54.9089
36.2398
39.4364
27.1913
45.2509
58.1227
41.4573
20.4982
37.7294
34.821
40.0653
64.8051
18.273
28.5789
49.6717
35.8938
51.3262
47.7192
31.094
63.669
19.164
15.3488
46.196
62.3714
16.3123
53.3916
26.3148
31.5409
25.9124
52.939
60.4494
25.2139
39.4732
46.7088
29.92
41.8662
72.9296
34.8187
23.7456
24.3335
40.3197
35.5659
21.8868
40.6594
25.0106
15.2633
17.15
22.6606
32.8569
60.8638
47.8379
68.6923
47.5669
61.6007
66.5949
44.9074
45.0188
23.7383
27.1717
61.1437
54.2498
27.3538
67.4519
22.8904
31.0314
13.6074
21.9692
22.4513
35.1501
39.2395
62.777
16.7937
46.1109
34.7165
38.1347
18.9498
42.3172
28.78
52.2767
22.4292
15.3384
34.864
37.7556
47.219
38.6438
33.4248
74.6406
36.6097
39.8378
60.8014
54.3144
36.3933
29.6103
73.2719
61.2995
50.5633
40.2608
29.3519
21.8675
35.0161
46.814
54.2124
46.0816
40.5122
32.4474
19.067
25.3654
22.6026
47.1251
25.0864
20.3092
46.9002
58.273
65.1901
37.7678
41.8783
27.4542
51.8898
14.8356
37.1603
36.0986
29.437
34.0379
52.9971
20.3743
32.9758
68.6434
24.8015
67.9167
55.7695
20.7478
59.3856
42.5312
32.9568
22.765
45.0073
36.2481
31.6151
21.6224
23.805
55.6661
17.2139
47.5853
69.4001
59.813
27.8306
58.5442
23.5796
68.004
68.8368
48.9348
47.9943
54.9406
54.9458
15.2964
32.3979
54.9052
31.8831
18.0228
21.4467
62.4256
27.1042
37.3543
63.7982
42.6577
42.7394
21.3542
50.636
32.7736
26.7111
78.9505
47.4611
18.7837
64.1911
25.5877
59.98
60.4096
61.2924
46.8334
73.2709
49.7522
51.3972
43.15
65.4291
43.6519
72.4922
41.364
36.8771
45.8992
58.1544
45.8523
39.1534
28.1191
54.6195
62.1199
60.5586
51.9683
28.4845
42.1949
46.3064
37.9094
49.4975
35.0303
30.202
54.6598
33.4663
42.1366
34.2339
51.7963
55.0967
27.4624
29.8111
27.5109
28.2203
71.2871
70.6366
47.7565
19.9106
35.3691
32.7527
17.4492
39.8392
23.521
25.7676
33.793
24.0968
21.424
50.1502
31.2829
43.9966
55.4369
57.0137
26.3045
42.039
62.2461
20.1633
35.3349
35.2523
32.0653
45.1856
38.8967
45.6625
36.1809
33.0726
54.1176
67.5265
39.671
23.5619
16.1466
33.2339
76.0754
20.7662
63.8253
66.044
43.6163
35.4741
53.9511
57.8305
60.6679
28.4452
68.029
43.8318
31.5115
61.0632
62.6596
22.134
28.3714
50.3342
59.2431
21.1204
18.6211
28.88
30.4974
55.2648
39.6641
17.852
25.3182
30.21
37.4705
30.2825
50.3625
52.6053
70.4199
17.1649
39.7083
48.1553
74.266
36.2313
33.9417
36.9153
68.7853
64.2264
35.8493
25.8565
19.9681
32.4418
23.74
29.8586
39.062
25.9756
29.6055
27.4972
60.8152
23.6094
72.532
41.2546
43.7448
29.2199
57.9102
62.2674
26.3844
35.5421
28.9672
30.1789
63.3141
58.8889
18.3612
25.2282
36.3298
57.7817
65.5431
63.0307
24.5263
59.2211
29.8033
61.5302
51.5389
63.9622
43.1025
36.6045
17.8074
65.358
42.1658
36.7553
38.8935
23.9148
15.3683
27.3134
30.6349
37.0876
28.8178
41.1459
43.3623
30.6612
36.8911
31.9572
34.867
44.1163
43.9665
27.674
61.7503
37.0959
34.8632
45.3696
58.7002
47.5212
47.4742
29.4363
54.1988
58.2324
34.6542
49.225
34.3528
52.6769
37.3221
68.7007
14.1366
32.2356
40.6179
27.2373
63.8539
44.0398
29.7564
31.3345
20.4184
34.0176
31.3241
21.3677
49.0286
30.877
42.2388
20.952
42.3963
64.7485
30.6595
35.3924
20.6723
24.212
24.661
38.2346
35.8818
45.267
40.8597
24.6384
66.5008
22.5879
26.6667
30.8309
27.9095
39.4937
68.2414
29.4232
76.6249
32.6799
36.7038
40.8595
59.044
66.1115
