2.14173
0.362039
0.739805
0.533259
0.804965
1.40272
0.467095
0.386748
0.320498
0.605489
1.17182
0.488661
0.602932
1.3626
1.4677
0.272909
0.476352
1.04443
0.383005
0.729265
1.48258
1.17528
0.877485
1.05194
0.165749
0.70849
0.508682
0.431038
1.18997
1.17907
1.70067
0.589155
1.53205
0.559349
0.814987
1.23462
1.77019
2.11968
1.78088
1.13024
0.808775
0.338342
1.12798
0.811354
0.212548
1.41049
1.6047
1.64114
0.618062
0.747656
1.49865
1.07486
1.46441
1.16829
1.15386
1.2871
0.237879
0.729656
1.16943
1.43667
0.333085
1.70155
0.327259
0.329424
1.1155
0.505097
1.00942
2.01947
1.63296
1.35203
0.533855
0.713107
1.14143
0.292341
2.11868
1.62694
1.07005
1.56319
0.331533
1.04947
0.977227
0.704904
1.35473
0.850345
1.40778
1.75635
0.613248
0.971621
0.406069
1.02792
0.819676
1.77632
0.490178
0.423465
0.131643
1.21623
1.83289
1.04441
1.28155
2.00927
1.10704
0.512988
1.13892
1.14923
1.02672
0.991206
0.757369
0.668922
0.634685
1.04727
1.15358
0.447992
1.3348
0.700242
1.09302
1.37258
0.492071
1.50637
0.893479
2.06103
1.29028
0.364219
1.76832
0.503388
1.02473
1.12504
0.690093
1.0643
1.35168
1.4256
0.342373
0.143175
0.546733
1.35556
0.946792
1.74416
0.775225
1.35494
0.478434
1.8281
1.42507
0.278779
1.11802
0.714113
0.281576
1.19899
1.17901
1.29561
0.734
1.13932
0.478068
0.818954
0.603852
0.237657
1.35733
0.646156
0.728098
0.606552
0.317763
0.880881
1.01611
0.830639
0.693717
1.81918
1.02552
0.798577
1.07429
0.318286
1.20232
0.437364
0.280358
1.45714
1.05516
0.203312
1.60168
0.873794
0.880727
0.471836
0.385899
2.10636
1.64337
1.50567
0.130394
1.30341
1.42517
1.56516
1.72729
0.954042
0.307309
1.58446
1.24376
1.46192
0.673882
1.3424
0.54918
0.432077
0.35783
0.542737
0.9963
1.24376
0.556053
0.953111
0.596105
0.931884
0.952349
1.18263
0.503313
1.7158
0.135838
0.537457
1.67969
0.939966
0.582192
1.60726
1.40234
1.25611
0.322667
2.19698
1.2886
1.66154
0.866743
0.557316
1.34462
1.48561
1.12569
0.414324
0.787492
1.1133
0.59819
0.427008
0.422743
1.6523
0.391787
1.45035
0.269168
1.63354
0.654296
0.375598
1.2619
1.10397
0.610311
0.672426
1.01577
1.22056
1.47475
1.10279
0.305974
1.06506
0.69264
0.965321
0.409279
0.970689
1.13576
1.34863
0.230622
0.875386
0.466265
0.796912
0.969633
0.302375
1.11207
1.44427
0.345778
1.7711
0.769223
1.198
1.14009
1.02454
0.899626
0.619622
0.972741
1.11737
0.323939
1.02882
0.27664
1.8605
2.15178
0.82182
1.25197
0.531277
0.253564
0.948236
1.32369
1.22414
2.04909
0.123509
0.738552
0.319261
0.382588
0.184827
1.39627
2.05171
1.14018
1.01188
0.70067
1.47756
0.939763
0.400233
1.37368
1.44138
2.16202
0.372897
1.44405
1.27997
0.393362
0.379735
0.611088
1.57135
0.731401
0.660993
1.34676
0.79346
0.952757
0.519773
1.56234
0.580218
0.319341
0.676103
2.19683
1.48759
1.19899
1.22956
1.53244
0.341431
1.28502
0.453247
1.48242
0.935453
0.932257
2.17025
1.55251
0.495347
0.656955
1.3166
1.33762
1.03094
0.418175
1.42644
0.667737
1.75356
0.681371
0.573645
2.02249
0.95556
0.70999
1.00477
1.72219
1.03528
0.912362
0.580332
0.551128
1.85075
0.558287
0.914392
0.455807
0.513549
1.05375
0.933354
1.75032
0.584608
0.867122
1.58748
0.970402
1.26915
1.77696
1.25442
0.688995
1.14118
0.79758
1.3675
1.84435
1.53761
2.02751
0.411956
0.392568
0.703622
1.25378
0.674393
1.40234
1.0766
1.15697
0.441974
0.878357
0.370833
1.04146
0.962494
1.33253
1.2508
0.864394
0.727572
0.385089
0.94255
1.32999
1.68977
0.28425
0.604318
0.795708
1.47264
1.01716
2.16034
0.732858
1.84001
0.314927
0.933865
1.73057
1.33419
0.470406
0.521629
0.5684
1.01252
0.320755
1.58649
0.536993
1.73331
1.0127
1.41877
0.915527
0.692135
0.95698
1.23738
1.15355
0.286654
1.24278
0.440572
1.49922
0.400924
0.65529
0.131896
1.25205
1.89838
0.872409
0.717171
1.34837
0.861776
0.586994
1.82563
0.868031
2.07741
0.803455
0.475854
1.13546
1.3268
1.25898
0.574882
1.16414
0.613935
1.00537
0.699611
1.91672
0.403287
0.1957
0.202799
0.575507
0.976966
1.95073
1.45822
0.520272
1.08719
0.308742
0.799204
1.08801
0.465997
0.980124
0.996249
0.674319
1.43938
0.510035
0.528111
0.293001
0.970414
1.38149
0.80181
1.20703
1.48046
1.57822
0.821429
0.35832
0.799633
0.730375
1.51554
0.975335
0.455572
0.339348
0.257827
1.16894
1.14534
0.838835
0.370262
0.815612
1.04007
0.497934
0.403268
1.89539
1.19525
0.913691
1.09263
0.102078
1.28775
0.347227
0.660026
0.381993
0.57427
1.09524
0.245071
0.250145
1.02761
1.2223
0.511382
0.77729
1.47214
0.895646
1.41065
0.358212
0.349052
0.503486
0.539494
1.13451
0.339455
0.719689
0.618832
0.667499
0.863484
1.52835
0.383646
1.09884
0.95181
0.356379
0.686256
1.06694
0.711552
0.494032
1.15428
0.292176
0.342076
0.362359
0.967978
0.470593
0.323741
0.846546
1.03197
0.693033
0.768489
1.19301
0.174996
0.484282
0.56027
0.392046
0.314153
0.550895
0.498147
1.50811
2.11205
1.78188
0.842709
0.506089
0.650549
1.40518
1.23892
1.96402
1.45919
0.528856
0.567589
0.559387
0.494355
1.44936
1.49909
1.22467
1.4419
1.93794
1.98231
1.45858
0.961538
1.10185
0.44521
1.48569
1.71313
1.13346
0.79799
1.32741
1.73651
2.2668
1.22047
0.677544
0.376669
1.22901
1.34433
0.211194
1.88083
1.32405
0.331399
1.61051
1.19392
0.975225
0.947835
1.25821
1.0827
1.27409
1.17443
0.718443
0.474177
1.20467
1.21936
0.988866
1.79162
0.480528
0.473232
1.25226
1.01372
1.09619
1.20648
0.217659
1.77682
0.210465
0.265045
1.29802
0.747709
0.276433
1.15493
0.464919
1.04752
0.382986
1.08344
1.68378
0.327116
1.09171
0.811005
0.970167
1.47813
1.78675
1.25806
0.28089
0.280863
0.831258
0.503698
0.394059
0.469347
0.381369
0.075588
0.259937
0.425137
0.769241
1.53408
0.935183
1.74114
0.968841
1.6416
1.51854
1.27042
1.44632
0.425055
0.727058
1.09553
1.55289
0.937709
1.69564
0.456002
0.433146
0.0909114
0.389568
0.339424
0.521981
0.370981
1.71312
0.275012
0.584368
1.25653
0.570993
0.502003
0.794144
0.923291
1.2709
0.524174
0.370751
0.421194
0.576179
1.1333
0.725231
1.10116
2.13104
1.20274
1.20651
1.911
0.991572
1.18827
1.04238
1.98791
1.92947
1.18531
1.40925
0.482082
0.581225
0.751216
0.647332
1.3447
1.35273
1.22426
0.482741
0.585146
0.708953
0.351775
1.11341
0.816814
0.294091
0.708101
1.68506
1.33808
1.41758
0.747385
0.516844
1.47609
0.252107
0.388026
0.780062
1.02279
0.217789
1.49859
0.14273
0.742819
1.73063
0.536765
1.7282
1.49062
0.39082
1.14951
1.04105
1.16117
0.556421
1.03267
0.876708
1.20025
0.274633
0.491809
1.69688
0.309654
0.884124
1.85819
0.645174
0.486318
1.73742
0.406986
1.66428
1.93194
1.03703
1.20419
0.640493
1.72115
0.0734121
0.627535
0.856739
0.379028
0.299025
0.592239
1.77045
0.798966
0.581738
1.95859
1.23883
1.44047
0.604611
1.20928
0.990811
0.804061
2.44543
0.893252
0.278349
1.70041
0.643555
1.47934
1.15726
1.9298
0.78752
2.02237
1.31842
1.35834
0.854992
1.89549
0.910134
2.04953
0.573779
0.67487
1.69863
1.1202
0.602349
0.611952
0.736128
1.43802
1.2154
1.75023
0.779469
0.916532
0.681633
0.818668
1.05537
1.28863
0.693688
0.551403
1.39371
0.423022
0.264434
1.18977
1.49109
1.02441
0.162845
0.459634
0.43312
0.474787
1.70546
1.78942
0.706468
0.123184
1.49396
0.857066
0.343387
0.698379
0.303802
0.4916
0.469535
0.471394
0.526763
1.42702
0.395899
0.604305
1.42211
1.19185
0.519285
0.579301
1.52873
0.605617
0.394225
0.912739
0.353878
1.30869
0.84479
0.907114
0.964351
0.981008
0.633516
1.72065
0.599344
0.645162
0.280619
0.650872
2.22909
0.411058
1.53876
1.64234
0.839235
1.12754
1.31387
0.826717
0.706232
0.489033
1.1655
1.23283
0.459227
1.37739
0.789359
0.786611
0.26616
1.13274
0.938758
0.271916
0.580805
0.443662
0.332623
1.18131
1.54342
0.134675
0.701214
0.83842
0.565926
1.06998
0.621894
1.3007
1.61878
0.131817
1.39635
1.40648
1.85561
0.721346
1.23062
0.837533
1.66246
1.0765
1.45699
0.275029
0.513352
1.20636
0.110996
0.674873
1.04774
0.449294
0.54127
0.669207
1.39759
0.712536
1.89778
0.408655
0.802007
0.243726
1.29878
0.663032
0.444798
0.845373
1.04312
0.143468
1.68486
1.59246
0.555212
0.367644
0.842241
1.18537
1.80034
1.41026
0.331578
1.40742
0.415083
2.03553
0.769919
1.57952
0.893645
0.920321
0.424977
1.14043
0.844017
1.35178
0.881976
0.585886
0.304935
1.03621
0.536992
0.504322
0.428433
1.5206
0.90856
0.933564
0.689636
1.12613
0.517564
1.35342
0.492666
0.592756
1.80372
1.09891
1.34903
0.904047
1.25784
0.667867
0.788392
0.664482
1.79512
1.11683
0.528748
1.63044
1.2669
1.22916
0.966978
1.64207
0.146675
0.483818
1.12944
0.401965
1.90313
1.00961
0.814097
1.08045
0.289628
0.597927
0.916645
0.391377
0.749944
0.947334
0.508503
0.538982
1.27272
1.80705
0.604395
0.215023
0.279069
0.650423
0.529369
0.814662
0.576958
0.387971
1.03937
0.365103
1.39954
0.401612
0.903227
0.896145
0.586089
0.495546
1.61006
0.744518
1.73065
0.533343
0.46341
0.733189
1.64814
1.62827
