35.0143
56.7671
37.5972
46.228
53.808
36.7653
62.3075
51.8595
65.9331
42.1475
24.8784
94.5445
25.4005
33.9566
29.5525
76.2174
58.6266
44.0988
76.922
62.7736
27.5125
32.8498
32.5242
53.7532
250.8
42.1483
31.4616
79.3158
31.4318
33.6649
34.0851
55.2566
35.5709
38.8456
36.5558
34.2032
33.2848
34.2479
35.4879
32.9237
57.5459
74.9096
53.5415
55.7471
68.9113
45.7254
33.5994
46.3883
63.2378
44.088
43.1894
43.8546
51.0241
57.4778
51.9846
24.9481
71.6639
55.3357
38.4038
35.2636
76.9465
35.9714
116.445
57.4189
42.2235
52.7638
50.2972
36.8517
30.5412
32.6179
51.2505
44.683
28.8517
56.4568
36.2121
38.3685
54.6711
37.2327
49.9724
44.9118
49.1073
40.8826
44.1784
45.2859
36.2994
28.451
66.3918
38.1636
53.5469
44.6382
46.9181
25.2378
68.0599
49.1156
191.567
51.3925
35.4422
33.0349
44.4798
34.3356
38.1667
67.9904
43.2456
24.7195
40.393
35.5115
61.533
51.9931
35.2451
50.5368
47.4132
34.005
48.8894
45.5889
43.7372
37.9074
38.8935
49.6587
30.2819
36.3034
44.3238
111.297
37.2509
94.7295
45.2861
51.23
55.615
37.7053
31.4478
38.6657
50.1394
123.09
51.6487
37.2654
47.7734
31.1367
61.4387
27.7037
118.914
36.5958
25.4103
103.898
39.2436
40.9808
55.2878
44.0729
48.7046
45.763
46.6947
33.4448
70.5411
35.7816
45.3301
74.1182
40.434
111.645
74.113
39.9466
65.6508
37.8795
28.2438
50.4454
44.6108
34.1189
52.6505
51.9245
31.1967
86.525
26.1907
142.57
72.6996
40.8836
36.3396
142.851
44.3222
33.132
37.5955
59.4834
57.9348
34.0608
41.4133
31.0457
122.069
44.4824
42.1606
36.6176
36.2043
27.0657
95.5154
33.4105
40.4624
32.1405
40.2452
43.097
94.5868
85.5807
110.647
78.1532
45.7444
53.8961
79.7816
41.057
66.8165
59.2744
47.1637
38.2352
43.412
34.7692
216.036
55.8657
36.3658
40.536
81.2994
38.8458
34.9418
39.3267
64.0341
31.525
33.5722
35.9217
62.8234
63.8966
43.511
34.6344
30.5935
79.2155
58.3399
32.1852
55.5328
66.3577
50.1154
38.2997
46.3216
31.3599
111.799
40.597
67.7042
59.4187
29.8846
45.5692
33.4723
39.3227
36.8089
54.3044
33.7078
38.13
86.3508
41.937
47.0882
54.3343
104.482
55.0966
32.0135
46.8099
113.12
52.4095
94.448
35.1319
45.1546
77.9587
43.7975
40.1189
64.612
35.2286
38.7133
48.2637
40.8162
50.9526
70.7966
63.5412
26.9192
32.2207
85.2883
30.369
103.788
35.8449
35.6376
46.1837
40.4388
63.7215
72.1913
38.2341
34.4152
36.3777
36.3518
166.149
40.3664
44.8152
43.382
189.505
42.4867
31.0553
42.1648
37.4106
68.2468
33.1911
31.3761
60.2762
46.0499
40.2273
33.386
39.9074
38.5013
34.5821
109.455
83.2818
58.7198
24.9839
56.793
64.1299
33.1856
37.8357
29.9824
51.4427
43.2252
45.1116
56.1047
39.5052
32.4394
39.3547
44.5267
34.7754
34.9338
57.0171
28.0158
71.9983
43.0141
25.8672
60.5335
35.3696
40.2579
49.3292
74.3124
30.7001
45.9793
40.1854
84.4139
37.9645
38.596
38.2435
69.0855
57.0141
35.8069
30.1808
65.2704
36.3648
40.4527
35.0731
45.1246
81.2344
49.8506
28.5401
71.6942
45.4364
44.6188
55.4255
29.4238
38.3191
30.6091
70.2116
44.7527
40.9705
49.6128
31.8335
38.195
41.8965
52.4482
46.403
42.2101
31.8338
32.448
39.7286
39.1244
92.7919
61.1558
33.0639
31.6094
86.4864
30.73
32.2428
56.0039
63.3874
71.3348
83.6869
63.3692
43.3857
26.9868
38.2732
51.1423
74.7246
97.9448
53.9428
41.1661
40.8446
150.807
38.2104
53.11
36.1886
58.9803
33.0693
59.4353
31.585
77.095
44.3616
34.2572
33.4599
74.8517
115.915
55.5182
59.3849
112.511
34.3039
65.5515
34.6979
25.152
48.346
59.1997
58.689
26.2113
40.249
45.582
103.832
39.6535
34.6935
40.9211
61.1288
42.7493
118.453
50.9437
39.0116
33.1066
52.885
45.7536
32.8375
55.4868
38.9804
32.2073
36.5546
31.1446
88.2039
30.55
55.9856
36.0823
39.9992
36.3502
49.4764
32.1484
86.5735
33.2173
53.3633
160.61
198.675
64.5405
40.7551
33.0502
35.9205
46.4953
33.8829
59.5571
75.6202
31.0012
57.0021
67.3347
39.51
31.2135
27.5657
33.4578
114.41
61.6288
37.1152
39.301
35.1882
30.5921
33.8089
34.5665
44.4846
78.9679
35.7055
57.1922
39.3209
41.536
63.0494
57.7023
48.8509
50.8389
55.2586
49.486
68.3059
69.0634
42.0565
41.309
61.9504
34.1577
31.9492
42.4388
68.3029
145.608
49.0491
88.4676
56.454
79.5318
71.8274
29.9173
113.652
91.8198
45.3413
52.1268
51.9558
58.6425
28.4539
51.8633
39.1122
46.3561
112.775
48.9796
91.9737
43.4566
51.5926
71.0228
58.4162
60.3808
32.8087
44.7987
41.9609
34.254
47.8452
80.5873
57.7267
39.7368
42.9599
56.1768
32.9591
64.9628
118.75
132.907
31.7118
41.6153
100.449
59.5044
35.5656
58.8782
79.5719
48.0328
147.474
59.3455
50.5388
88.7958
85.3822
90.706
52.0957
46.8909
35.5837
37.0703
38.7496
37.875
49.6131
43.0987
33.1098
38.495
36.3871
45.0686
59.0678
76.9787
73.16
26.6354
35.2002
26.9431
40.9764
35.2122
37.9424
34.8859
33.1124
32.5296
67.6582
39.694
35.1263
34.9068
63.0794
53.9951
40.7563
34.5912
33.8823
68.8284
51.6855
34.8679
29.3156
147.223
31.8349
33.6406
97.9533
32.777
42.2981
56.3038
38.2343
31.3433
25.1143
35.5164
49.4901
57.7043
43.2291
31.3194
28.5568
40.5164
36.1713
38.0269
60.3908
39.6658
35.4079
46.8222
39.5523
142.856
35.8331
91.0553
57.9103
35.5896
83.4167
59.0099
46.2294
56.6007
30.1102
67.659
48.8619
35.901
77.0795
36.1572
57.5937
30.8401
28.3238
40.8168
27.6765
84.5372
86.6384
48.5044
70.6095
55.5418
86.6297
65.5812
201.927
65.9774
53.302
42.7133
39.6744
51.1535
39.4524
49.0967
37.5248
43.8545
35.3484
31.1265
55.8477
37.3722
55.8118
34.9348
29.1709
39.7796
50.1981
71.6418
149.678
56.3938
66.1453
67.3397
105.772
36.6448
61.0654
78.9074
27.6288
66.7866
37.7484
53.2866
31.1711
41.1336
42.7896
41.3712
82.7741
65.5276
41.665
53.2849
30.354
35.0254
30.4387
33.0191
31.8165
54.7761
30.6272
28.4063
36.8588
31.7701
42.6583
28.569
60.8859
37.6231
46.6125
72.3184
40.3157
34.0655
33.0913
67.2148
32.585
35.7787
64.2529
42.3252
30.7125
69.0574
66.2337
34.5823
48.7191
26.6425
56.0331
53.1189
35.1535
58.8462
95.7675
46.2766
28.7811
156.289
35.3647
142.748
44.3928
39.6638
46.2054
39.2991
37.4138
53.0877
51.6615
40.8541
28.3823
40.9133
43.5835
41.3457
26.3403
78.7318
48.403
32.805
55.591
53.822
37.3481
92.7084
57.2273
33.696
57.9371
40.8608
35.631
47.1876
39.856
85.7786
31.9239
208.363
51.6273
64.0862
84.1181
60.2718
36.2129
35.2598
33.9241
64.2115
32.5734
34.434
29.6705
35.3189
41.8729
33.0776
33.2202
32.2849
53.1329
67.4826
37.7503
39.76
40.5451
52.2005
31.761
59.4695
36.2302
37.7361
37.8383
50.4683
34.5183
47.9621
35.3701
72.0906
54.6433
27.0213
51.9141
76.1226
63.9812
38.1987
37.9824
51.1107
34.6003
66.6714
31.0785
61.9026
56.5631
35.9205
38.4108
50.4986
54.773
39.2188
79.1124
159.347
28.7735
34.7372
53.7839
168.641
64.8585
63.5181
59.4378
41.7994
39.4744
67.599
161.634
23.6748
38.2149
50.8148
57.0453
77.4222
52.4157
71.9711
51.1181
40.671
35.1434
79.0174
72.8052
38.9821
47.8362
50.6552
72.5685
40.7175
33.2939
89.6313
38.6225
90.6112
34.5273
46.0431
50.3382
37.5184
33.7128
85.4241
39.2448
66.1907
36.5209
57.5392
51.0605
34.1284
50.5188
41.4784
40.2133
51.9715
31.4614
41.0627
69.9519
85.9037
58.1663
58.3688
35.5538
68.6187
44.3326
79.3803
28.1384
106.596
44.4359
63.1079
77.6725
32.0608
65.0944
91.6875
46.7827
25.6989
132.556
36.1063
36.0321
66.2109
28.3018
80.9825
40.4439
43.5018
130.218
28.4373
34.2382
40.0223
50.2273
27.5809
44.0763
41.3755
59.6623
24.605
94.0137
38.8976
26.8923
213.881
44.2433
37.2822
57.8143
54.6963
41.0892
43.5142
33.1344
38.2194
100.952
54.5442
119.888
44.5881
93.913
59.3176
42.0431
27.7698
210.353
37.5783
36.9798
33.0706
68.6212
43.1348
48.7456
36.4059
44.6945
73.9683
42.0777
71.8009
30.2281
66.9407
40.4946
48.2322
39.7736
41.9019
57.3101
49.9584
27.1904
44.0981
40.8182
50.3985
26.3591
57.0491
73.5396
67.2633
27.0589
47.7264
32.8432
53.4936
28.3781
67.3675
32.5961
89.2421
46.687
34.2349
33.7571
25.8432
50.185
46.6674
71.1536
60.2165
44.2995
30.1923
52.1406
65.5402
30.1913
27.1157
42.856
38.5966
41.8379
96.3804
66.6274
35.9627
67.7604
33.552
43.6205
36.5514
29.0013
70.4986
56.8926
34.1725
54.5962
65.3764
32.5936
83.0649
38.8732
33.3116
35.8311
50.7276
164.598
74.0761
37.225
46.5856
46.933
62.1912
116.676
39.3121
67.4834
47.5162
56.2432
29.5239
34.4039
47.6199
79.6974
42.3844
39.5198
44.2752
61.2737
79.2037
55.7285
35.8247
40.6022
