1.36528
1.36964
1.44682
1.3373
1.35614
1.4025
1.40678
1.36326
1.31205
1.35535
1.37534
1.37647
1.36085
1.43985
1.42664
1.36449
1.33992
1.41089
1.34433
1.36373
1.37269
1.38649
1.42864
1.36993
1.37569
1.48319
1.36745
1.47496
1.45823
1.3336
1.41067
1.37132
1.44548
1.35511
1.35938
1.38587
1.43811
1.39599
1.44752
1.37726
1.41072
1.39518
1.40665
1.42867
1.39608
1.45062
1.39005
1.3483
1.37547
1.43847
1.39781
1.38656
1.45098
1.40592
1.37879
1.45044
1.3633
1.47087
1.44326
1.40141
1.43753
1.42402
1.38008
1.36758
1.34703
1.47924
1.39789
1.4245
1.47003
1.35223
1.45107
1.42821
1.45219
1.37792
1.41738
1.43502
1.46721
1.46589
1.42103
1.4217
1.3997
1.42009
1.39661
1.47299
1.47548
1.40854
1.40384
1.40414
1.43606
1.46725
1.34618
1.45891
1.39187
1.38197
1.387
1.44721
1.40256
1.39131
1.40176
1.37464
1.48862
1.39061
1.46373
1.33763
1.46841
1.38811
1.35644
1.4129
1.37945
1.37966
1.47259
1.36114
1.39365
1.31813
1.40562
1.39103
1.42717
1.45353
1.41158
1.3323
1.47921
1.39175
1.37042
1.39513
1.40516
1.39968
1.45712
1.41689
1.50883
1.37987
1.36223
1.32865
1.36144
1.44267
1.46483
1.45358
1.37058
1.44491
1.31439
1.36038
1.3243
1.49613
1.3855
1.4391
1.40155
1.47744
1.4516
1.43627
1.37683
1.43186
1.34126
1.32075
1.386
1.36377
1.48578
1.49785
1.40872
1.37392
1.41213
1.34343
1.48925
1.39299
1.38022
1.37881
1.38037
1.41631
1.48238
1.36486
1.42746
1.35069
1.33709
1.4001
1.38521
1.42723
1.41689
1.3739
1.40783
1.39969
1.3962
1.40948
1.39927
1.40293
1.38704
1.38946
1.41256
1.41013
1.44306
1.39334
1.44227
1.35056
1.39652
1.3976
1.40702
1.42401
1.41436
1.44276
1.45638
1.44263
1.40163
1.33081
1.33725
1.43534
1.42491
1.3588
1.44905
1.39208
1.30448
1.34598
1.43404
1.38449
1.3781
1.38426
1.39504
1.4586
1.36888
1.43692
1.42582
1.45218
1.37636
1.41837
1.38521
1.46583
1.41833
1.44702
1.36387
1.45804
1.3651
1.46142
1.4077
1.45128
1.3996
1.47229
1.4439
1.44426
1.36106
1.32706
1.4416
1.35948
1.38918
1.43719
1.48167
1.42432
1.37308
1.3983
1.43659
1.38905
1.48965
1.45276
1.35587
1.40192
1.43258
1.43653
1.34774
1.32448
1.47501
1.39553
1.45142
1.48907
1.39799
1.37885
1.38869
1.33238
1.44832
1.43958
1.48349
1.39928
1.36845
1.37948
1.46324
1.38465
1.47576
1.36052
1.41508
1.42349
1.42681
1.42333
1.44634
1.36038
1.37969
1.48714
1.45109
1.44222
1.32188
1.34727
1.46113
1.43513
1.40824
1.35931
1.43481
1.45731
1.34703
1.4727
1.40557
1.33024
1.40485
1.46873
1.44353
1.38942
1.44854
1.40644
1.47357
1.43168
1.44714
1.42805
1.43425
1.45065
1.41893
1.44694
1.3948
1.39554
1.39908
1.36463
1.38649
1.37684
1.40203
1.41278
1.40127
1.33815
1.40832
1.46209
1.48286
1.3889
1.4352
1.43814
1.43787
1.46876
1.4422
1.38086
1.4343
1.42884
1.40796
1.37742
1.37174
1.46862
1.47705
1.45568
1.466
1.47578
1.35387
1.47888
1.43324
1.36199
1.32125
1.45863
1.41223
1.44893
1.42028
1.36387
1.44816
1.44404
1.38056
1.442
1.44848
1.37227
1.4215
1.37668
1.46494
1.38423
1.37408
1.41949
1.37919
1.46993
1.49984
1.4653
1.42051
1.44461
1.46409
1.45565
1.37411
1.47816
1.44783
1.481
1.3812
1.3086
1.38187
1.33647
1.37799
1.43993
1.37828
1.41967
1.35851
1.45178
1.31938
1.38215
1.40097
1.38594
1.30544
1.43293
1.40615
1.36554
1.32677
1.41995
1.44224
1.36353
1.38831
1.39376
1.38328
1.44605
1.39427
1.43403
1.45193
1.35496
1.4189
1.44127
1.43074
1.37699
1.45741
1.37153
1.39255
1.44506
1.48362
1.37227
1.4564
1.37138
1.39177
1.43074
1.38161
1.38938
1.38709
1.42844
1.42251
1.42244
1.44328
1.40038
1.39944
1.49483
1.36435
1.41018
1.43469
1.41354
1.45307
1.34592
1.49681
1.41328
1.42675
1.3852
1.49034
1.41779
1.35756
1.43714
1.40102
1.43024
1.35195
1.48827
1.36243
1.34785
1.47425
1.40099
1.44443
1.4499
1.47907
1.3686
1.34996
1.37565
1.41481
1.38695
1.48077
1.45703
1.4076
1.38038
1.48764
1.41584
1.44381
1.4422
1.40405
1.3861
1.33855
1.44027
1.39499
1.39062
1.39864
1.48614
1.36439
1.42814
1.42233
1.35731
1.38644
1.43054
1.33265
1.4036
1.41317
1.46819
1.45118
1.45849
1.41886
1.46348
1.47128
1.36931
1.49773
1.44896
1.34886
1.41312
1.36381
1.38289
1.36382
1.40197
1.44379
1.41474
1.36989
1.47774
1.42622
1.37075
1.48405
1.47151
1.40507
1.40384
1.42135
1.42899
1.41225
1.37331
1.4408
1.45271
1.41931
1.43737
1.4314
1.38944
1.47073
1.44633
1.445
1.42858
1.43138
1.4346
1.3054
1.33229
1.44279
1.43917
1.41202
1.4543
1.41847
1.46138
1.35597
1.44393
1.37879
1.42939
1.48465
1.43707
1.44043
1.45863
1.41199
1.42903
1.40031
1.44232
1.49679
1.41569
1.33617
1.40173
1.43108
1.43634
1.38634
1.44795
1.45325
1.51883
1.45504
1.43523
1.37606
1.42079
1.38547
1.36215
1.37031
1.42876
1.39727
1.36965
1.35315
1.50097
1.32655
1.45437
1.35965
1.3831
1.34418
1.37023
1.3866
1.48521
1.42761
1.36505
1.47602
1.39594
1.45397
1.46363
1.37852
1.45856
1.37624
1.40708
1.39829
1.42144
1.44758
1.47019
1.45857
1.35608
1.32733
1.40975
1.40138
1.40602
1.40402
1.38851
1.44724
1.41279
1.41569
1.40998
1.43328
1.45003
1.41299
1.40705
1.42788
1.4532
1.45054
1.42146
1.41508
1.42886
1.37807
1.38838
1.42555
1.46468
1.41897
1.46191
1.47338
1.36838
1.47725
1.45849
1.47691
1.47197
1.48389
1.3677
1.43564
1.36198
1.46002
1.41307
1.45054
1.43121
1.45671
1.4327
1.34855
1.49961
1.40391
1.44563
1.37748
1.42131
1.40968
1.41854
1.39117
1.42276
1.36572
1.44272
1.36211
1.4853
1.37436
1.44816
1.43431
1.4216
1.3533
1.46304
1.47164
1.38938
1.37663
1.46582
1.45577
1.41107
1.35176
1.40901
1.36977
1.48635
1.41102
1.45069
1.42262
1.38143
1.42907
1.41644
1.34161
1.37652
1.3658
1.47093
1.34929
1.42669
1.42582
1.3382
1.39288
1.45504
1.42606
1.41777
1.38496
1.50661
1.31801
1.38609
1.40848
1.45923
1.43597
1.36745
1.34583
1.36844
1.4475
1.40769
1.42653
1.41174
1.4389
1.43779
1.38171
1.42892
1.39914
1.47538
1.36264
1.45575
1.41607
1.37997
1.4666
1.42019
1.31679
1.34427
1.37986
1.4434
1.41674
1.49849
1.35753
1.47136
1.36688
1.44911
1.40748
1.44165
1.45412
1.47425
1.35048
1.41552
1.41733
1.41667
1.45799
1.36562
1.38929
1.37528
1.42393
1.34818
1.49382
1.44582
1.39058
1.45905
1.43508
1.44882
1.37241
1.43228
1.44372
1.35048
1.45445
1.43572
1.4882
1.44227
1.50466
1.33414
1.36454
1.42728
1.47638
1.38715
1.46413
1.32079
1.36993
1.43684
1.37735
1.35813
1.3408
1.38107
1.36088
1.36063
1.32534
1.35488
1.36284
1.39959
1.42008
1.45884
1.47783
1.47874
1.34242
1.4442
1.44864
1.39166
1.37294
1.49302
1.43659
1.41828
1.3784
1.29906
1.45014
1.43588
1.42321
1.35031
1.36278
1.35082
1.44529
1.37865
1.45689
1.47584
1.39707
1.44869
1.48269
1.33711
1.40925
1.40693
1.43615
1.47841
1.39462
1.45009
1.45389
1.48756
1.43926
1.37812
1.50963
1.35671
1.49927
1.40569
1.40802
1.34109
1.46029
1.39332
1.46851
1.39494
1.42708
1.38197
1.46259
1.37316
1.40755
1.38619
1.43884
1.338
1.48109
1.48534
1.41449
1.4442
1.48191
1.39064
1.32762
1.47928
1.4079
1.46168
1.38635
1.41337
1.44851
1.33383
1.46542
1.43311
1.37688
1.37754
1.43555
1.37792
1.50898
1.38563
1.40631
1.41698
1.37946
1.37889
1.40214
1.42362
1.40821
1.46828
1.40022
1.3596
1.41464
1.41443
1.51293
1.37877
1.38654
1.44119
1.42439
1.36237
1.46399
1.36333
1.32707
1.34161
1.44025
1.35682
1.44552
1.41892
1.40686
1.43349
1.39501
1.32102
1.45833
1.34221
1.44936
1.46871
1.42162
1.48126
1.48456
1.37311
1.38584
1.41291
1.41478
1.42471
1.41483
1.4137
1.37898
1.38717
1.36479
1.39129
1.36101
1.40834
1.4544
1.3996
1.44797
1.43843
1.44096
1.40128
1.51612
1.44898
1.42603
1.3846
1.39533
1.40933
1.47492
1.47997
1.46167
1.46178
1.44751
1.46369
1.40507
1.44052
1.47553
1.3623
1.39895
1.38185
1.37571
1.36633
1.39936
1.42411
1.40566
1.42766
1.40806
1.37845
1.39386
1.38745
1.36391
1.36875
1.42479
1.44967
1.4273
1.41963
1.35423
1.42761
1.38835
1.47663
1.48592
1.42366
1.4363
1.39565
1.44661
1.41394
1.33371
1.41987
1.42156
1.45522
1.4125
1.45903
1.408
1.41194
1.45068
1.39606
1.40398
1.38104
1.4102
1.406
1.39327
1.43436
1.38536
1.38218
1.43952
1.39015
1.37637
1.44
1.32476
1.37316
1.39902
1.31499
1.42694
1.43609
1.35434
1.43315
1.45319
1.35585
1.45329
1.42221
1.35582
1.44086
1.44086
1.46265
1.41034
1.43986
1.42464
1.39958
1.45235
1.38434
1.37916
1.35767
1.34731
1.45284
1.35489
1.37754
1.44059
1.45201
1.4379
1.44658
1.39575
1.40128
1.413
1.36194
1.36701
1.42895
