3.16443
3.87941
3.54109
2.36924
2.01422
2.30416
2.92328
4.23818
3.95638
2.7297
4.73858
4.339
3.17341
3.58832
3.211
3.16059
2.81414
4.4001
3.88804
2.95712
5.0279
2.28163
2.76074
2.23881
2.11497
4.41452
2.83373
3.38512
2.9486
3.60124
4.37703
4.55763
3.41213
1.64355
2.3184
2.42574
4.63543
4.04444
4.19941
3.59533
4.21146
2.84295
4.56967
3.24821
3.74138
2.09625
3.76645
3.17297
3.52675
2.22672
3.42429
4.70574
4.25055
3.81418
3.59181
3.72288
3.35421
2.8184
2.50638
1.77755
1.43333
2.64794
2.04653
2.53789
3.01478
3.20811
3.72972
4.49976
4.87198
2.79766
2.07161
2.70658
3.54214
2.08659
4.45113
3.92264
1.88848
1.17096
4.20437
4.69707
3.49539
3.81415
4.93241
4.41297
2.29858
2.66622
2.62817
3.0159
3.74359
1.78273
3.01076
2.081
1.62376
2.02425
3.3716
2.4544
2.24266
1.98641
2.59422
3.11637
4.24745
2.26398
2.65787
2.73086
3.71487
4.49312
3.89488
3.19206
2.13292
2.27127
4.07521
3.07792
3.28122
2.02009
2.79614
3.81329
3.47467
4.31274
2.25558
5.03419
3.2767
3.6306
3.01646
3.58509
3.02052
2.81591
3.96725
2.68377
3.62177
3.78119
4.38058
1.93265
3.29644
3.59453
3.38646
2.66251
4.72889
2.38991
3.67929
3.07239
3.1256
3.49806
4.09089
3.9034
3.3489
3.76908
3.40336
4.38926
3.42172
3.60802
1.81367
2.57515
1.91955
3.32785
3.28738
4.15066
4.07143
4.40856
2.68345
2.50634
3.90854
2.55
2.69613
3.49576
1.83687
3.53818
3.32848
3.07507
2.25222
1.36017
2.19052
1.95011
3.92606
4.38027
3.63171
2.45454
4.47771
3.77963
2.18365
3.59525
1.80311
2.09041
2.81596
4.42434
4.24526
4.90536
4.72687
1.62053
4.13227
2.84271
4.65141
4.15711
3.27009
2.13473
2.69079
3.23798
1.2458
2.51805
3.05848
2.30501
3.62321
1.31897
3.38303
5.04211
2.81476
5.18278
3.44126
2.09157
3.95511
2.54792
2.50757
2.45006
2.76557
3.15922
3.87762
1.95142
4.28728
4.3674
3.09914
2.96256
1.33002
1.94825
2.68057
1.84364
2.68568
2.91719
3.33763
2.67068
3.1808
5.32666
2.86517
3.08501
3.09964
4.19844
1.07539
1.10611
1.69958
3.06467
3.58123
3.69656
2.62526
2.92127
1.13261
3.56912
3.32299
1.34289
4.82609
3.50971
2.49872
2.15033
4.0762
3.44742
1.5564
3.24014
2.88913
3.2407
1.91784
3.21446
3.45109
4.2715
3.30173
2.54761
3.59349
4.80076
2.46958
3.34232
4.22222
2.44665
3.24166
3.99744
2.77555
3.52208
3.8086
2.23754
3.29569
3.62029
3.01275
3.96163
4.04917
3.34324
2.72337
2.10992
3.34942
2.15888
4.45691
1.84338
2.62368
3.64515
2.5422
2.46652
2.03606
3.38894
3.29658
4.13164
1.99515
2.14899
3.06522
4.70975
3.46982
1.9883
3.28138
3.0471
3.95814
2.78336
4.50788
2.79236
4.25988
2.30663
3.81038
2.45604
4.12134
3.72459
4.40721
3.10562
4.82926
4.80412
4.95375
4.42626
3.77072
3.73629
3.36591
3.72132
2.50354
4.04124
3.38909
2.8583
3.15952
4.13536
2.17414
2.74648
3.88851
2.21291
1.96057
2.68633
3.46748
3.92345
4.26795
1.92297
3.30988
3.04649
2.62917
2.753
3.10011
4.0556
4.75982
5.10615
4.00425
4.3178
3.21023
1.69207
3.2783
2.56834
3.27799
3.92908
3.73667
1.38765
4.65776
2.48018
3.13201
3.75347
1.89125
1.42851
3.7809
3.65895
2.89577
3.22203
3.00425
2.90391
3.26497
4.01587
4.27184
4.17856
4.93911
2.35019
4.79781
3.13625
4.58341
4.12754
3.39327
3.20965
3.0826
3.36504
4.45481
2.72688
1.33015
2.83593
3.3708
2.19436
1.89279
2.09224
4.1018
1.06431
5.41153
2.061
3.72001
3.41882
2.13599
1.77709
4.15533
3.32541
3.46532
2.88633
2.66737
2.37892
2.63286
4.73491
4.0143
2.91705
2.48659
3.72456
4.593
3.04651
3.32059
2.25166
3.49912
3.52067
4.24364
2.09542
1.47027
2.61851
2.81719
3.53564
1.41421
4.62457
4.49772
4.39889
5.07674
2.68398
3.53791
3.0759
4.65775
4.20553
2.54175
3.03036
3.4083
2.67582
1.90398
2.93921
3.28868
3.52476
4.2147
2.26962
2.18232
4.75046
3.66995
3.83387
3.24633
2.603
2.18296
4.0929
2.17308
4.49911
2.22091
4.74294
3.98457
1.75023
2.19063
3.35842
3.49275
4.10347
2.98244
2.29789
4.094
1.35347
1.20338
2.8045
4.59634
3.68351
3.84257
2.84382
4.57072
4.26699
3.2603
4.59524
2.91978
3.63243
4.52943
3.65597
1.35969
3.18858
3.03043
4.01222
4.22602
2.60119
2.59494
3.53983
3.32921
3.25096
4.28365
4.5937
2.87476
2.70826
2.86291
2.30716
3.19935
1.94366
3.91111
3.09124
1.66627
4.85612
2.37172
4.12334
3.73857
3.4893
2.47774
1.44547
3.98389
2.96992
3.40932
3.37546
2.37022
4.2172
3.65746
1.88821
2.85408
4.20411
3.31097
4.24957
3.83412
3.40147
2.01066
3.02054
2.48647
2.612
1.84526
3.27144
2.48044
4.94906
2.36611
1.73045
3.3604
2.81469
3.59795
3.34893
1.89746
4.41984
4.79646
2.31069
3.68442
2.73488
3.7925
4.20532
4.95807
3.02829
2.2859
1.5488
3.66145
3.86809
2.55739
1.65081
2.69839
5.05011
4.45739
2.79565
3.64143
4.4821
1.06505
2.23805
3.51791
4.01028
3.66231
3.94535
1.84783
4.09882
2.80044
3.54213
4.89635
4.02364
2.92579
1.97809
3.20578
3.98749
2.99538
4.71398
2.8019
4.00889
2.93076
4.00962
1.38077
3.31347
2.61156
4.05828
3.08411
3.54139
3.35372
3.52797
3.88596
2.98329
3.93852
4.42593
3.51536
3.66824
3.88899
3.25974
2.73488
3.2413
3.10679
2.77177
3.1284
2.32597
2.38185
1.10364
3.53629
3.78799
3.70023
3.12377
4.24712
4.04152
2.2715
4.21824
2.49984
3.5308
3.20519
1.6223
4.51424
3.60378
2.28622
3.39503
2.95454
5.13243
4.3711
2.18357
2.42363
4.29837
4.10374
2.7745
4.02198
3.6156
3.05015
4.07747
2.78745
3.58763
4.39423
4.75574
1.79341
4.20843
3.60304
4.06169
3.00514
3.96695
3.3212
1.76573
1.828
2.73993
4.47039
0.986464
2.94091
2.6254
4.83875
3.52539
1.7941
3.81195
2.9169
1.31532
4.13985
4.74169
3.50639
3.2641
2.62548
3.76955
2.57364
2.90499
4.53127
3.27668
3.36103
3.56245
2.03545
4.75033
3.10748
3.76717
2.49289
2.59061
5.26702
4.26589
3.63603
3.32771
4.8443
2.95013
2.53881
4.26784
3.49036
2.34728
2.1486
3.13608
1.19687
3.44774
2.52853
2.35432
2.56622
4.37663
2.59586
2.21956
3.74339
2.88801
3.07031
4.20823
3.10071
4.33247
2.36601
2.06598
2.38196
2.86693
3.60617
1.70718
2.05167
2.23529
2.41828
3.4515
2.78541
4.04124
2.14097
2.77842
2.96575
3.01283
2.05351
1.25819
3.7206
4.13373
3.16566
3.07934
2.18492
2.39047
3.45105
3.35317
3.69665
4.78667
3.5238
3.75578
3.1386
1.34818
4.59661
3.0606
2.12887
4.03507
2.48382
1.63031
2.50744
3.80068
1.97365
2.81106
4.57947
4.60855
3.27058
1.68308
3.79779
2.43432
3.30376
4.02327
2.86051
1.67161
2.6749
3.06347
2.93402
3.43576
1.61739
2.20611
1.40687
1.68137
2.3478
2.343
3.96591
4.00896
2.58906
4.69368
4.17288
3.79278
2.66423
3.89115
4.41093
1.64605
2.20682
3.73305
4.16802
2.87257
4.68271
3.66459
3.50852
2.84061
3.61696
2.81512
2.48865
3.32992
4.38518
1.35956
1.26296
3.31733
2.3301
2.77935
4.82824
4.39575
4.61568
2.80862
3.04151
1.76508
3.24939
2.88808
3.50109
3.13248
2.72554
2.91623
2.81569
4.5382
3.30596
2.57804
3.40838
3.63179
3.00493
2.96834
3.79314
4.55255
3.01339
2.6225
2.13322
3.93614
4.17039
3.93017
2.08425
3.12872
2.9738
4.04564
3.60319
5.78726
4.33831
3.19939
2.72469
2.27742
2.89916
3.89601
2.10209
3.49201
4.42244
1.25537
2.89858
1.924
4.4464
2.32298
3.83619
2.23762
3.70919
3.23921
4.06779
1.82588
3.19729
3.70977
3.18168
3.15467
2.0448
4.00407
3.85213
2.30709
3.2364
2.47555
3.65623
2.21524
0.860739
4.62022
3.76287
4.99081
3.73111
4.8046
2.39687
2.55631
3.6198
2.55108
4.82392
4.10049
2.37534
1.92562
3.20518
2.79755
3.3796
3.05638
3.92205
3.49484
3.24248
3.97762
2.18939
4.55301
2.38062
4.09967
4.15918
3.6358
1.31295
2.56607
2.64897
4.08662
3.42449
4.8664
2.0347
3.54188
1.90008
2.75096
3.02009
4.01617
2.85837
3.02062
5.05172
2.86554
2.87393
1.1986
5.20503
2.4493
4.80772
2.86836
4.5825
3.93892
3.26801
1.70471
2.38216
1.87157
3.6126
2.31737
2.5612
4.56764
1.96518
3.34293
2.19602
4.61777
3.00956
2.05706
4.35946
1.98549
3.87898
3.56689
1.60313
4.26948
3.72776
3.24987
1.98892
4.39985
4.94723
2.59664
3.99596
2.78776
3.92176
2.6282
4.67792
3.2736
4.62262
3.47291
3.84866
3.08934
1.87561
3.83138
2.03619
3.8601
3.08295
5.25364
2.83183
3.78633
3.8923
4.13741
1.60525
2.46697
1.49527
4.1617
2.68876
3.69179
3.68398
1.98712
3.06063
4.86059
4.26871
4.13135
2.57851
3.8429
3.72069
2.24315
3.18059
2.56359
3.07245
2.75963
4.13296
2.73089
5.14231
4.41118
3.57716
4.12753
2.19284
3.81898
3.12516
3.19076
3.71467
3.27095
2.13649
2.96759
2.16658
4.51839
3.14534
2.16822
2.0607
4.16737
2.94903
4.65379
4.53704
3.24638
2.49429
1.72698
2.03563
3.27515
