0.431446
0.353053
0.408581
0.564441
0.673282
0.608682
0.481233
0.321663
0.331628
0.496518
0.290243
0.317231
0.428829
0.401261
0.444297
0.431721
0.47614
0.32065
0.34576
0.461169
0.273015
0.607674
0.517485
0.611899
0.650455
0.335979
0.482561
0.435719
0.49455
0.370316
0.322289
0.300885
0.42363
0.824499
0.586342
0.571321
0.310244
0.345162
0.344696
0.383069
0.334971
0.49075
0.307823
0.439833
0.373147
0.692007
0.369062
0.424932
0.390011
0.646002
0.408206
0.294654
0.341363
0.368604
0.38387
0.389602
0.406444
0.521881
0.575833
0.788392
1.00293
0.537784
0.674349
0.538865
0.446809
0.461095
0.374798
0.316572
0.301731
0.483342
0.700456
0.527681
0.409976
0.66037
0.318432
0.365831
0.776928
1.25188
0.337988
0.302677
0.400441
0.372321
0.283149
0.333787
0.641911
0.52829
0.534153
0.465579
0.383605
0.823036
0.447123
0.701061
0.857189
0.682707
0.411377
0.589638
0.625399
0.700418
0.54034
0.441103
0.350473
0.614232
0.550715
0.489821
0.395279
0.30894
0.348262
0.442629
0.646744
0.607442
0.361354
0.442228
0.424736
0.652511
0.5027
0.364784
0.410735
0.337031
0.625816
0.26465
0.451434
0.383338
0.454314
0.389149
0.465204
0.497063
0.367287
0.527948
0.416601
0.364931
0.310969
0.687472
0.413003
0.401351
0.432554
0.545945
0.289831
0.604586
0.357241
0.442774
0.423696
0.427703
0.338678
0.368679
0.418509
0.39199
0.426519
0.327223
0.402379
0.396856
0.739528
0.512884
0.722042
0.409805
0.451964
0.360871
0.346001
0.311649
0.526238
0.536015
0.381024
0.546269
0.511925
0.394424
0.751478
0.400293
0.445362
0.443848
0.633801
0.993031
0.610401
0.717956
0.352824
0.325831
0.390143
0.559738
0.314409
0.370326
0.63939
0.39204
0.776032
0.671127
0.492563
0.31405
0.332739
0.287467
0.305288
0.859804
0.349026
0.475096
0.300236
0.336196
0.430268
0.667069
0.52563
0.445574
1.16903
0.572915
0.458277
0.577353
0.369078
1.08823
0.421194
0.269491
0.514803
0.268598
0.379071
0.643527
0.36258
0.543381
0.549577
0.564988
0.504431
0.461697
0.35302
0.736346
0.332569
0.332504
0.44411
0.478764
1.0415
0.752384
0.529116
0.78487
0.507832
0.49981
0.409004
0.547209
0.442561
0.272456
0.488488
0.47724
0.465829
0.344
1.26564
1.19975
0.84821
0.443596
0.387907
0.388792
0.564388
0.487568
1.21232
0.391778
0.432317
1.03437
0.308667
0.413926
0.542626
0.651955
0.35145
0.416697
0.865937
0.408772
0.510539
0.430626
0.756796
0.463242
0.405087
0.322803
0.420594
0.522991
0.40304
0.299866
0.600706
0.418655
0.324106
0.563824
0.451386
0.346385
0.531701
0.386282
0.371547
0.636185
0.43293
0.393153
0.480074
0.34339
0.340735
0.444821
0.532827
0.683546
0.394659
0.624061
0.327834
0.778531
0.536743
0.372909
0.564396
0.590839
0.661584
0.434561
0.426371
0.321965
0.704132
0.683452
0.47094
0.295009
0.41747
0.707357
0.449072
0.469852
0.365612
0.513066
0.318165
0.519507
0.333091
0.627296
0.366052
0.568208
0.339472
0.366384
0.314595
0.443337
0.29032
0.294077
0.282871
0.302321
0.373489
0.391322
0.440553
0.373228
0.573267
0.355867
0.424264
0.513858
0.456463
0.333915
0.659709
0.520243
0.362083
0.622448
0.699665
0.546703
0.425972
0.371021
0.343491
0.767445
0.40904
0.485436
0.545131
0.49473
0.426195
0.359658
0.296699
0.283762
0.354694
0.315872
0.451109
0.853417
0.42112
0.561454
0.441881
0.34926
0.380419
0.992096
0.314516
0.558116
0.438723
0.37818
0.729245
1.02899
0.39669
0.400471
0.490548
0.448353
0.487341
0.501273
0.420864
0.368081
0.338925
0.354428
0.279646
0.556807
0.288021
0.426135
0.300647
0.348859
0.406179
0.442313
0.440701
0.43143
0.296169
0.506862
1.05324
0.488707
0.387278
0.653007
0.742897
0.652668
0.323461
1.33415
0.266512
0.661587
0.373201
0.407672
0.647607
0.813718
0.335539
0.431234
0.418989
0.469439
0.531947
0.605851
0.543416
0.290816
0.363055
0.470179
0.560026
0.387982
0.323018
0.450441
0.438595
0.609056
0.397748
0.406383
0.325572
0.663057
0.943428
0.545515
0.504941
0.402314
1.02056
0.302813
0.311145
0.33982
0.268745
0.525407
0.405518
0.459553
0.311968
0.320036
0.588889
0.466373
0.418609
0.517673
0.782751
0.48237
0.412797
0.407727
0.332413
0.630167
0.6195
0.31329
0.371239
0.351564
0.454126
0.538222
0.661682
0.354247
0.680632
0.304194
0.607842
0.290041
0.355072
0.792435
0.675959
0.433843
0.403006
0.336393
0.498801
0.616146
0.352664
1.06556
1.16675
0.494244
0.29122
0.391004
0.363036
0.488999
0.306
0.348289
0.418487
0.310787
0.487136
0.373664
0.306097
0.391289
0.980111
0.440195
0.466327
0.365929
0.343391
0.560699
0.54678
0.413433
0.441929
0.421202
0.349639
0.315423
0.469207
0.521783
0.476372
0.599391
0.426281
0.721307
0.369152
0.45766
0.822132
0.304304
0.601344
0.332436
0.396956
0.421721
0.567077
0.971196
0.356773
0.481154
0.414232
0.406851
0.607875
0.344473
0.388059
0.761236
0.501528
0.330496
0.444201
0.340346
0.37688
0.419989
0.711896
0.474948
0.525
0.510065
0.781893
0.43992
0.569263
0.293854
0.599495
0.844508
0.403515
0.512999
0.383215
0.426819
0.782439
0.32514
0.300312
0.631253
0.383232
0.522519
0.369232
0.342976
0.30189
0.467489
0.584527
0.905039
0.39085
0.371331
0.542092
0.877118
0.538562
0.300753
0.326433
0.513379
0.377891
0.316992
1.30085
0.608631
0.389522
0.356273
0.381527
0.347155
0.732292
0.366195
0.473693
0.410593
0.277687
0.343743
0.459426
0.692704
0.43253
0.372467
0.476606
0.289574
0.526791
0.348211
0.496106
0.365029
0.998368
0.44019
0.526982
0.346717
0.453385
0.401379
0.431636
0.416723
0.375343
0.454557
0.337014
0.31852
0.398645
0.383295
0.361024
0.425957
0.529178
0.435871
0.455677
0.508693
0.458151
0.623406
0.593232
1.27492
0.403778
0.383635
0.392013
0.455047
0.333187
0.353544
0.606679
0.329137
0.570258
0.41483
0.442709
0.901131
0.326385
0.379708
0.646154
0.429594
0.499877
0.286797
0.339478
0.626357
0.59235
0.31686
0.355779
0.509306
0.360652
0.395843
0.477588
0.35137
0.483793
0.417994
0.319489
0.303976
0.768078
0.337728
0.391248
0.349248
0.462931
0.358654
0.411213
0.817067
0.745137
0.542094
0.307437
1.46803
0.487709
0.54148
0.279679
0.415
0.820266
0.36448
0.471951
1.11441
0.351649
0.297588
0.385514
0.431668
0.521723
0.394304
0.54826
0.499378
0.313955
0.421596
0.425186
0.397602
0.659125
0.289773
0.439518
0.39046
0.541257
0.550717
0.270708
0.313697
0.383078
0.437251
0.294378
0.480579
0.545513
0.353014
0.377615
0.590506
0.655535
0.465303
1.19978
0.396622
0.532259
0.581247
0.564059
0.321638
0.549542
0.636044
0.384384
0.497847
0.450023
0.339553
0.451233
0.340541
0.575921
0.704633
0.5945
0.481339
0.406693
0.831892
0.641817
0.601387
0.570595
0.418194
0.508629
0.3708
0.634071
0.529568
0.46089
0.480978
0.685403
1.14582
0.39083
0.356639
0.426603
0.459683
0.64869
0.592634
0.422477
0.407262
0.375824
0.287314
0.404091
0.358963
0.475953
1.07242
0.302522
0.476721
0.674102
0.359058
0.552539
0.878532
0.575773
0.355327
0.736934
0.510739
0.324972
0.312955
0.460059
0.79268
0.359297
0.586318
0.446879
0.344782
0.511843
0.790131
0.512143
0.469025
0.469439
0.395293
0.828987
0.626021
0.967305
0.809237
0.564501
0.578267
0.34364
0.349115
0.548491
0.310809
0.354151
0.389884
0.503869
0.37115
0.32842
0.84545
0.622134
0.399947
0.34467
0.493732
0.294359
0.35449
0.41332
0.505483
0.393483
0.479662
0.547597
0.40566
0.329586
1.01404
1.15355
0.444886
0.599577
0.521233
0.307087
0.304182
0.305318
0.500931
0.472182
0.837587
0.429194
0.502093
0.415269
0.474884
0.528064
0.47257
0.53615
0.298954
0.453506
0.545256
0.413104
0.369265
0.485966
0.469393
0.387148
0.306408
0.473579
0.526968
0.685626
0.348861
0.337511
0.352706
0.690342
0.427651
0.498045
0.367146
0.392566
0.249548
0.341586
0.434659
0.487254
0.649541
0.485623
0.375173
0.659511
0.404744
0.327537
1.0625
0.505564
0.74486
0.309662
0.593006
0.374212
0.615798
0.406821
0.427766
0.345718
0.776052
0.431446
0.371692
0.440691
0.451274
0.688678
0.366696
0.363492
0.589315
0.437102
0.571358
0.413796
0.622404
1.61087
0.311932
0.378537
0.272976
0.392374
0.283755
0.55367
0.524822
0.39788
0.531862
0.299657
0.346038
0.592279
0.744431
0.435236
0.472207
0.431509
0.439149
0.369542
0.42025
0.438436
0.372398
0.678071
0.301582
0.582134
0.344641
0.340159
0.391856
1.0776
0.550921
0.520571
0.339443
0.398538
0.285898
0.6689
0.397626
0.765444
0.508769
0.479447
0.358159
0.50412
0.463905
0.300119
0.505656
0.496197
1.15518
0.268074
0.575403
0.306781
0.515964
0.318967
0.371111
0.442933
0.858612
0.589829
0.769687
0.40844
0.587865
0.546209
0.30253
0.700043
0.408722
0.637225
0.308398
0.467064
0.69403
0.322989
0.694262
0.359338
0.38898
0.850779
0.32059
0.382211
0.446069
0.717627
0.322655
0.273735
0.549792
0.347438
0.529681
0.37889
0.541688
0.307039
0.426335
0.312942
0.407133
0.346539
0.459604
0.757916
0.379817
0.693701
0.377978
0.456707
0.268755
0.512276
0.368711
0.360707
0.333794
0.87849
0.569932
0.931783
0.344657
0.515242
0.374394
0.390752
0.699583
0.449701
0.296261
0.310342
0.332375
0.542568
0.342188
0.383516
0.640214
0.425815
0.559039
0.472973
0.491316
0.351633
0.520786
0.263659
0.326639
0.402796
0.354365
0.643158
0.377027
0.455861
0.438635
0.390977
0.423223
0.645524
0.457499
0.621858
0.32154
0.430762
0.635333
0.699077
0.348424
0.487586
0.310839
0.307634
0.431642
0.566493
0.788628
0.67154
0.436302
