50

0 50 5454 1 89 
1 51 6879 0 89 2 89 
2 52 7296 1 89 3 89 
3 53 9136 2 89 4 89 
4 54 4167 3 89 5 89 
5 55 7467 4 89 6 89 
6 56 540 5 89 7 89 
7 57 3141 6 89 8 89 
8 58 3218 7 89 9 89 
9 59 4158 8 89 10 89 
10 60 7550 9 89 11 89 
11 61 6659 10 89 12 89 
12 62 2621 11 89 13 89 
13 63 2975 12 89 14 89 
14 64 6367 13 89 15 89 
15 65 2438 14 89 16 89 
16 66 3482 15 89 17 89 
17 67 8901 16 89 18 89 
18 68 5559 17 89 19 89 
19 69 3869 18 89 20 89 
20 70 1852 19 89 21 89 
21 71 8983 20 89 22 89 
22 72 6021 21 89 23 89 
23 73 2053 22 89 24 89 
24 74 131 23 89 25 89 
25 75 8551 24 89 26 89 
26 76 3145 25 89 27 89 
27 77 6199 26 89 28 89 
28 78 2560 27 89 29 89 
29 79 9818 28 89 30 89 
30 80 6287 29 89 31 89 
31 81 8013 30 89 32 89 
32 82 6696 31 89 33 89 
33 83 3582 32 89 34 89 
34 84 3500 33 89 35 89 
35 85 7215 34 89 36 89 
36 86 7401 35 89 37 89 
37 87 391 36 89 38 89 
38 88 355 37 89 39 89 
39 89 618 38 89 40 89 
40 90 4548 39 89 41 89 
41 91 4256 40 89 42 89 
42 92 3628 41 89 43 89 
43 93 3520 42 89 44 89 
44 94 7230 43 89 45 89 
45 95 9995 44 89 46 89 
46 96 5958 45 89 47 89 
47 97 711 46 89 48 89 
48 98 8895 47 89 49 89 
49 99 7868 48 89 
50 0 5454 100 931 51 89 
51 1 6879 101 7098 50 89 52 89 
52 2 7296 102 3202 51 89 53 89 
53 3 9136 103 3304 52 89 54 89 
54 4 4167 104 9151 53 89 55 89 
55 5 7467 105 3333 54 89 56 89 
56 6 540 106 1854 55 89 57 89 
57 7 3141 107 2295 56 89 58 89 
58 8 3218 108 5883 57 89 59 89 
59 9 4158 109 4413 58 89 60 89 
60 10 7550 110 2112 59 89 61 89 
61 11 6659 111 2169 60 89 62 89 
62 12 2621 112 8777 61 89 63 89 
63 13 2975 113 5159 62 89 64 89 
64 14 6367 114 5751 63 89 65 89 
65 15 2438 115 8628 64 89 66 89 
66 16 3482 116 2373 65 89 67 89 
67 17 8901 117 9503 66 89 68 89 
68 18 5559 118 9018 67 89 69 89 
69 19 3869 119 9079 68 89 70 89 
70 20 1852 120 120 69 89 71 89 
71 21 8983 121 3566 70 89 72 89 
72 22 6021 122 3334 71 89 73 89 
73 23 2053 123 3748 72 89 74 89 
74 24 131 124 7085 73 89 75 89 
75 25 8551 125 6915 74 89 76 89 
76 26 3145 126 94 75 89 77 89 
77 27 6199 127 9394 76 89 78 89 
78 28 2560 128 3978 77 89 79 89 
79 29 9818 129 8988 78 89 80 89 
80 30 6287 130 7262 79 89 81 89 
81 31 8013 131 4908 80 89 82 89 
82 32 6696 132 6085 81 89 83 89 
83 33 3582 133 463 82 89 84 89 
84 34 3500 134 4563 83 89 85 89 
85 35 7215 135 1587 84 89 86 89 
86 36 7401 136 147 85 89 87 89 
87 37 391 137 2769 86 89 88 89 
88 38 355 138 3881 87 89 89 89 
89 39 618 139 6029 88 89 90 89 
90 40 4548 140 3533 89 89 91 89 
91 41 4256 141 2344 90 89 92 89 
92 42 3628 142 8198 91 89 93 89 
93 43 3520 143 8662 92 89 94 89 
94 44 7230 144 7503 93 89 95 89 
95 45 9995 145 300 94 89 96 89 
96 46 5958 146 7289 95 89 97 89 
97 47 711 147 6227 96 89 98 89 
98 48 8895 148 6154 97 89 99 89 
99 49 7868 149 6307 98 89 
100 50 931 150 1658 101 89 
101 51 7098 151 6273 100 89 102 89 
102 52 3202 152 6224 101 89 103 89 
103 53 3304 153 4991 102 89 104 89 
104 54 9151 154 6372 103 89 105 89 
105 55 3333 155 9660 104 89 106 89 
106 56 1854 156 8258 105 89 107 89 
107 57 2295 157 6465 106 89 108 89 
108 58 5883 158 9054 107 89 109 89 
109 59 4413 159 2235 108 89 110 89 
110 60 2112 160 1804 109 89 111 89 
111 61 2169 161 6315 110 89 112 89 
112 62 8777 162 3494 111 89 113 89 
113 63 5159 163 4241 112 89 114 89 
114 64 5751 164 3129 113 89 115 89 
115 65 8628 165 8057 114 89 116 89 
116 66 2373 166 5827 115 89 117 89 
117 67 9503 167 3276 116 89 118 89 
118 68 9018 168 7177 117 89 119 89 
119 69 9079 169 6060 118 89 120 89 
120 70 120 170 5656 119 89 121 89 
121 71 3566 171 709 120 89 122 89 
122 72 3334 172 8403 121 89 123 89 
123 73 3748 173 3853 122 89 124 89 
124 74 7085 174 9370 123 89 125 89 
125 75 6915 175 2257 124 89 126 89 
126 76 94 176 504 125 89 127 89 
127 77 9394 177 6659 126 89 128 89 
128 78 3978 178 4836 127 89 129 89 
129 79 8988 179 6657 128 89 130 89 
130 80 7262 180 9317 129 89 131 89 
131 81 4908 181 6493 130 89 132 89 
132 82 6085 182 9282 131 89 133 89 
133 83 463 183 5540 132 89 134 89 
134 84 4563 184 7835 133 89 135 89 
135 85 1587 185 5653 134 89 136 89 
136 86 147 186 5199 135 89 137 89 
137 87 2769 187 6092 136 89 138 89 
138 88 3881 188 8470 137 89 139 89 
139 89 6029 189 604 138 89 140 89 
140 90 3533 190 4678 139 89 141 89 
141 91 2344 191 273 140 89 142 89 
142 92 8198 192 6918 141 89 143 89 
143 93 8662 193 8172 142 89 144 89 
144 94 7503 194 865 143 89 145 89 
145 95 300 195 47 144 89 146 89 
146 96 7289 196 2580 145 89 147 89 
147 97 6227 197 6692 146 89 148 89 
148 98 6154 198 9674 147 89 149 89 
149 99 6307 199 9756 148 89 
150 100 1658 200 2751 151 89 
151 101 6273 201 5329 150 89 152 89 
152 102 6224 202 464 151 89 153 89 
153 103 4991 203 7505 152 89 154 89 
154 104 6372 204 5534 153 89 155 89 
155 105 9660 205 9834 154 89 156 89 
156 106 8258 206 6114 155 89 157 89 
157 107 6465 207 2389 156 89 158 89 
158 108 9054 208 2844 157 89 159 89 
159 109 2235 209 7301 158 89 160 89 
160 110 1804 210 5398 159 89 161 89 
161 111 6315 211 2160 160 89 162 89 
162 112 3494 212 145 161 89 163 89 
163 113 4241 213 4679 162 89 164 89 
164 114 3129 214 4051 163 89 165 89 
165 115 8057 215 4331 164 89 166 89 
166 116 5827 216 6683 165 89 167 89 
167 117 3276 217 5601 166 89 168 89 
168 118 7177 218 6775 167 89 169 89 
169 119 6060 219 5152 168 89 170 89 
170 120 5656 220 6205 169 89 171 89 
171 121 709 221 1452 170 89 172 89 
172 122 8403 222 1777 171 89 173 89 
173 123 3853 223 9474 172 89 174 89 
174 124 9370 224 9623 173 89 175 89 
175 125 2257 225 2641 174 89 176 89 
176 126 504 226 5872 175 89 177 89 
177 127 6659 227 8554 176 89 178 89 
178 128 4836 228 5684 177 89 179 89 
179 129 6657 229 5545 178 89 180 89 
180 130 9317 230 8309 179 89 181 89 
181 131 6493 231 4786 180 89 182 89 
182 132 9282 232 7226 181 89 183 89 
183 133 5540 233 5125 182 89 184 89 
184 134 7835 234 2291 183 89 185 89 
185 135 5653 235 2759 184 89 186 89 
186 136 5199 236 1310 185 89 187 89 
187 137 6092 237 4756 186 89 188 89 
188 138 8470 238 5147 187 89 189 89 
189 139 604 239 4153 188 89 190 89 
190 140 4678 240 2056 189 89 191 89 
191 141 273 241 544 190 89 192 89 
192 142 6918 242 2664 191 89 193 89 
193 143 8172 243 2200 192 89 194 89 
194 144 865 244 1574 193 89 195 89 
195 145 47 245 3066 194 89 196 89 
196 146 2580 246 6530 195 89 197 89 
197 147 6692 247 8257 196 89 198 89 
198 148 9674 248 8666 197 89 199 89 
199 149 9756 249 3304 198 89 
200 150 2751 250 9760 201 89 
201 151 5329 251 1222 200 89 202 89 
202 152 464 252 1108 201 89 203 89 
203 153 7505 253 7888 202 89 204 89 
204 154 5534 254 696 203 89 205 89 
205 155 9834 255 7082 204 89 206 89 
206 156 6114 256 6881 205 89 207 89 
207 157 2389 257 2919 206 89 208 89 
208 158 2844 258 5636 207 89 209 89 
209 159 7301 259 2564 208 89 210 89 
210 160 5398 260 8464 209 89 211 89 
211 161 2160 261 3944 210 89 212 89 
212 162 145 262 7350 211 89 213 89 
213 163 4679 263 5689 212 89 214 89 
214 164 4051 264 5420 213 89 215 89 
215 165 4331 265 5992 214 89 216 89 
216 166 6683 266 4799 215 89 217 89 
217 167 5601 267 6729 216 89 218 89 
218 168 6775 268 747 217 89 219 89 
219 169 5152 269 9945 218 89 220 89 
220 170 6205 270 881 219 89 221 89 
221 171 1452 271 9154 220 89 222 89 
222 172 1777 272 6841 221 89 223 89 
223 173 9474 273 3544 222 89 224 89 
224 174 9623 274 7705 223 89 225 89 
225 175 2641 275 8414 224 89 226 89 
226 176 5872 276 2961 225 89 227 89 
227 177 8554 277 4234 226 89 228 89 
228 178 5684 278 3022 227 89 229 89 
229 179 5545 279 1627 228 89 230 89 
230 180 8309 280 3890 229 89 231 89 
231 181 4786 281 2782 230 89 232 89 
232 182 7226 282 9200 231 89 233 89 
233 183 5125 283 4997 232 89 234 89 
234 184 2291 284 7021 233 89 235 89 
235 185 2759 285 6247 234 89 236 89 
236 186 1310 286 2078 235 89 237 89 
237 187 4756 287 3901 236 89 238 89 
238 188 5147 288 9166 237 89 239 89 
239 189 4153 289 7713 238 89 240 89 
240 190 2056 290 2817 239 89 241 89 
241 191 544 291 7629 240 89 242 89 
242 192 2664 292 8009 241 89 243 89 
243 193 2200 293 6518 242 89 244 89 
244 194 1574 294 9669 243 89 245 89 
245 195 3066 295 3428 244 89 246 89 
246 196 6530 296 2509 245 89 247 89 
247 197 8257 297 819 246 89 248 89 
248 198 8666 298 157 247 89 249 89 
249 199 3304 299 9607 248 89 
250 200 9760 300 763 251 89 
251 201 1222 301 7389 250 89 252 89 
252 202 1108 302 8760 251 89 253 89 
253 203 7888 303 3955 252 89 254 89 
254 204 696 304 7285 253 89 255 89 
255 205 7082 305 6464 254 89 256 89 
256 206 6881 306 8721 255 89 257 89 
257 207 2919 307 245 256 89 258 89 
258 208 5636 308 7049 257 89 259 89 
259 209 2564 309 1742 258 89 260 89 
260 210 8464 310 8223 259 89 261 89 
261 211 3944 311 938 260 89 262 89 
262 212 7350 312 875 261 89 263 89 
263 213 5689 313 7423 262 89 264 89 
264 214 5420 314 2286 263 89 265 89 
265 215 5992 315 7896 264 89 266 89 
266 216 4799 316 3669 265 89 267 89 
267 217 6729 317 716 266 89 268 89 
268 218 747 318 8148 267 89 269 89 
269 219 9945 319 2834 268 89 270 89 
270 220 881 320 4780 269 89 271 89 
271 221 9154 321 964 270 89 272 89 
272 222 6841 322 6814 271 89 273 89 
273 223 3544 323 9140 272 89 274 89 
274 224 7705 324 3833 273 89 275 89 
275 225 8414 325 2834 274 89 276 89 
276 226 2961 326 2568 275 89 277 89 
277 227 4234 327 6341 276 89 278 89 
278 228 3022 328 3652 277 89 279 89 
279 229 1627 329 9076 278 89 280 89 
280 230 3890 330 5947 279 89 281 89 
281 231 2782 331 767 280 89 282 89 
282 232 9200 332 2816 281 89 283 89 
283 233 4997 333 1058 282 89 284 89 
284 234 7021 334 4721 283 89 285 89 
285 235 6247 335 100 284 89 286 89 
286 236 2078 336 7521 285 89 287 89 
287 237 3901 337 9793 286 89 288 89 
288 238 9166 338 6697 287 89 289 89 
289 239 7713 339 4570 288 89 290 89 
290 240 2817 340 7887 289 89 291 89 
291 241 7629 341 4919 290 89 292 89 
292 242 8009 342 1859 291 89 293 89 
293 243 6518 343 8761 292 89 294 89 
294 244 9669 344 2341 293 89 295 89 
295 245 3428 345 497 294 89 296 89 
296 246 2509 346 3008 295 89 297 89 
297 247 819 347 2362 296 89 298 89 
298 248 157 348 1212 297 89 299 89 
299 249 9607 349 7508 298 89 
300 250 763 350 5195 301 89 
301 251 7389 351 5991 300 89 302 89 
302 252 8760 352 8471 301 89 303 89 
303 253 3955 353 8361 302 89 304 89 
304 254 7285 354 5131 303 89 305 89 
305 255 6464 355 8656 304 89 306 89 
306 256 8721 356 1194 305 89 307 89 
307 257 245 357 4050 306 89 308 89 
308 258 7049 358 4996 307 89 309 89 
309 259 1742 359 1198 308 89 310 89 
310 260 8223 360 9477 309 89 311 89 
311 261 938 361 7295 310 89 312 89 
312 262 875 362 1964 311 89 313 89 
313 263 7423 363 2292 312 89 314 89 
314 264 2286 364 8352 313 89 315 89 
315 265 7896 365 3036 314 89 316 89 
316 266 3669 366 8744 315 89 317 89 
317 267 716 367 2225 316 89 318 89 
318 268 8148 368 2829 317 89 319 89 
319 269 2834 369 5440 318 89 320 89 
320 270 4780 370 6794 319 89 321 89 
321 271 964 371 715 320 89 322 89 
322 272 6814 372 6710 321 89 323 89 
323 273 9140 373 5004 322 89 324 89 
324 274 3833 374 5827 323 89 325 89 
325 275 2834 375 9051 324 89 326 89 
326 276 2568 376 5500 325 89 327 89 
327 277 6341 377 8835 326 89 328 89 
328 278 3652 378 7764 327 89 329 89 
329 279 9076 379 3063 328 89 330 89 
330 280 5947 380 6342 329 89 331 89 
331 281 767 381 9310 330 89 332 89 
332 282 2816 382 5406 331 89 333 89 
333 283 1058 383 1164 332 89 334 89 
334 284 4721 384 7670 333 89 335 89 
335 285 100 385 536 334 89 336 89 
336 286 7521 386 9819 335 89 337 89 
337 287 9793 387 5216 336 89 338 89 
338 288 6697 388 937 337 89 339 89 
339 289 4570 389 1167 338 89 340 89 
340 290 7887 390 6413 339 89 341 89 
341 291 4919 391 6765 340 89 342 89 
342 292 1859 392 8461 341 89 343 89 
343 293 8761 393 4728 342 89 344 89 
344 294 2341 394 5408 343 89 345 89 
345 295 497 395 3164 344 89 346 89 
346 296 3008 396 7763 345 89 347 89 
347 297 2362 397 4151 346 89 348 89 
348 298 1212 398 5388 347 89 349 89 
349 299 7508 399 6943 348 89 
350 300 5195 400 5942 351 89 
351 301 5991 401 8533 350 89 352 89 
352 302 8471 402 7657 351 89 353 89 
353 303 8361 403 2652 352 89 354 89 
354 304 5131 404 3537 353 89 355 89 
355 305 8656 405 9836 354 89 356 89 
356 306 1194 406 8054 355 89 357 89 
357 307 4050 407 5388 356 89 358 89 
358 308 4996 408 5022 357 89 359 89 
359 309 1198 409 5817 358 89 360 89 
360 310 9477 410 4803 359 89 361 89 
361 311 7295 411 1363 360 89 362 89 
362 312 1964 412 1478 361 89 363 89 
363 313 2292 413 208 362 89 364 89 
364 314 8352 414 8878 363 89 365 89 
365 315 3036 415 9148 364 89 366 89 
366 316 8744 416 7095 365 89 367 89 
367 317 2225 417 5049 366 89 368 89 
368 318 2829 418 4363 367 89 369 89 
369 319 5440 419 8031 368 89 370 89 
370 320 6794 420 2567 369 89 371 89 
371 321 715 421 7127 370 89 372 89 
372 322 6710 422 1147 371 89 373 89 
373 323 5004 423 1027 372 89 374 89 
374 324 5827 424 1854 373 89 375 89 
375 325 9051 425 6554 374 89 376 89 
376 326 5500 426 542 375 89 377 89 
377 327 8835 427 5968 376 89 378 89 
378 328 7764 428 7057 377 89 379 89 
379 329 3063 429 5930 378 89 380 89 
380 330 6342 430 2911 379 89 381 89 
381 331 9310 431 2998 380 89 382 89 
382 332 5406 432 814 381 89 383 89 
383 333 1164 433 6919 382 89 384 89 
384 334 7670 434 2001 383 89 385 89 
385 335 536 435 702 384 89 386 89 
386 336 9819 436 6754 385 89 387 89 
387 337 5216 437 6406 386 89 388 89 
388 338 937 438 6090 387 89 389 89 
389 339 1167 439 1775 388 89 390 89 
390 340 6413 440 8574 389 89 391 89 
391 341 6765 441 892 390 89 392 89 
392 342 8461 442 9489 391 89 393 89 
393 343 4728 443 52 392 89 394 89 
394 344 5408 444 7451 393 89 395 89 
395 345 3164 445 4719 394 89 396 89 
396 346 7763 446 5551 395 89 397 89 
397 347 4151 447 4545 396 89 398 89 
398 348 5388 448 9767 397 89 399 89 
399 349 6943 449 6265 398 89 
400 350 5942 450 2575 401 89 
401 351 8533 451 8685 400 89 402 89 
402 352 7657 452 3391 401 89 403 89 
403 353 2652 453 3721 402 89 404 89 
404 354 3537 454 9711 403 89 405 89 
405 355 9836 455 1596 404 89 406 89 
406 356 8054 456 6626 405 89 407 89 
407 357 5388 457 6604 406 89 408 89 
408 358 5022 458 7563 407 89 409 89 
409 359 5817 459 3682 408 89 410 89 
410 360 4803 460 2533 409 89 411 89 
411 361 1363 461 473 410 89 412 89 
412 362 1478 462 3032 411 89 413 89 
413 363 208 463 3347 412 89 414 89 
414 364 8878 464 3744 413 89 415 89 
415 365 9148 465 5032 414 89 416 89 
416 366 7095 466 400 415 89 417 89 
417 367 5049 467 497 416 89 418 89 
418 368 4363 468 7790 417 89 419 89 
419 369 8031 469 6489 418 89 420 89 
420 370 2567 470 8624 419 89 421 89 
421 371 7127 471 6363 420 89 422 89 
422 372 1147 472 3732 421 89 423 89 
423 373 1027 473 8112 422 89 424 89 
424 374 1854 474 2766 423 89 425 89 
425 375 6554 475 1182 424 89 426 89 
426 376 542 476 9182 425 89 427 89 
427 377 5968 477 8316 426 89 428 89 
428 378 7057 478 2078 427 89 429 89 
429 379 5930 479 5300 428 89 430 89 
430 380 2911 480 4580 429 89 431 89 
431 381 2998 481 4652 430 89 432 89 
432 382 814 482 3984 431 89 433 89 
433 383 6919 483 7970 432 89 434 89 
434 384 2001 484 4724 433 89 435 89 
435 385 702 485 3694 434 89 436 89 
436 386 6754 486 5917 435 89 437 89 
437 387 6406 487 1350 436 89 438 89 
438 388 6090 488 6650 437 89 439 89 
439 389 1775 489 3480 438 89 440 89 
440 390 8574 490 1383 439 89 441 89 
441 391 892 491 5534 440 89 442 89 
442 392 9489 492 304 441 89 443 89 
443 393 52 493 4414 442 89 444 89 
444 394 7451 494 5232 443 89 445 89 
445 395 4719 495 399 444 89 446 89 
446 396 5551 496 5798 445 89 447 89 
447 397 4545 497 5632 446 89 448 89 
448 398 9767 498 896 447 89 449 89 
449 399 6265 499 3587 448 89 
450 400 2575 500 2120 451 89 
451 401 8685 501 5871 450 89 452 89 
452 402 3391 502 9949 451 89 453 89 
453 403 3721 503 2204 452 89 454 89 
454 404 9711 504 334 453 89 455 89 
455 405 1596 505 2715 454 89 456 89 
456 406 6626 506 9737 455 89 457 89 
457 407 6604 507 9516 456 89 458 89 
458 408 7563 508 7382 457 89 459 89 
459 409 3682 509 1815 458 89 460 89 
460 410 2533 510 4815 459 89 461 89 
461 411 473 511 1962 460 89 462 89 
462 412 3032 512 2818 461 89 463 89 
463 413 3347 513 8799 462 89 464 89 
464 414 3744 514 6283 463 89 465 89 
465 415 5032 515 3894 464 89 466 89 
466 416 400 516 8844 465 89 467 89 
467 417 497 517 2200 466 89 468 89 
468 418 7790 518 1595 467 89 469 89 
469 419 6489 519 5493 468 89 470 89 
470 420 8624 520 5679 469 89 471 89 
471 421 6363 521 2977 470 89 472 89 
472 422 3732 522 1027 471 89 473 89 
473 423 8112 523 2334 472 89 474 89 
474 424 2766 524 7391 473 89 475 89 
475 425 1182 525 6258 474 89 476 89 
476 426 9182 526 2733 475 89 477 89 
477 427 8316 527 3188 476 89 478 89 
478 428 2078 528 1889 477 89 479 89 
479 429 5300 529 9980 478 89 480 89 
480 430 4580 530 6774 479 89 481 89 
481 431 4652 531 361 480 89 482 89 
482 432 3984 532 5850 481 89 483 89 
483 433 7970 533 3074 482 89 484 89 
484 434 4724 534 8916 483 89 485 89 
485 435 3694 535 6183 484 89 486 89 
486 436 5917 536 2140 485 89 487 89 
487 437 1350 537 5004 486 89 488 89 
488 438 6650 538 2050 487 89 489 89 
489 439 3480 539 9522 488 89 490 89 
490 440 1383 540 3170 489 89 491 89 
491 441 5534 541 6865 490 89 492 89 
492 442 304 542 1483 491 89 493 89 
493 443 4414 543 5988 492 89 494 89 
494 444 5232 544 2015 493 89 495 89 
495 445 399 545 7765 494 89 496 89 
496 446 5798 546 9881 495 89 497 89 
497 447 5632 547 858 496 89 498 89 
498 448 896 548 6316 497 89 499 89 
499 449 3587 549 7827 498 89 
500 450 2120 550 2703 501 89 
501 451 5871 551 1994 500 89 502 89 
502 452 9949 552 803 501 89 503 89 
503 453 2204 553 3729 502 89 504 89 
504 454 334 554 680 503 89 505 89 
505 455 2715 555 4545 504 89 506 89 
506 456 9737 556 6338 505 89 507 89 
507 457 9516 557 9764 506 89 508 89 
508 458 7382 558 7732 507 89 509 89 
509 459 1815 559 4579 508 89 510 89 
510 460 4815 560 9743 509 89 511 89 
511 461 1962 561 857 510 89 512 89 
512 462 2818 562 4939 511 89 513 89 
513 463 8799 563 1944 512 89 514 89 
514 464 6283 564 283 513 89 515 89 
515 465 3894 565 206 514 89 516 89 
516 466 8844 566 4478 515 89 517 89 
517 467 2200 567 8774 516 89 518 89 
518 468 1595 568 5209 517 89 519 89 
519 469 5493 569 6528 518 89 520 89 
520 470 5679 570 4647 519 89 521 89 
521 471 2977 571 8379 520 89 522 89 
522 472 1027 572 9744 521 89 523 89 
523 473 2334 573 2481 522 89 524 89 
524 474 7391 574 718 523 89 525 89 
525 475 6258 575 1758 524 89 526 89 
526 476 2733 576 6598 525 89 527 89 
527 477 3188 577 6950 526 89 528 89 
528 478 1889 578 8967 527 89 529 89 
529 479 9980 579 2913 528 89 530 89 
530 480 6774 580 4776 529 89 531 89 
531 481 361 581 1669 530 89 532 89 
532 482 5850 582 1259 531 89 533 89 
533 483 3074 583 5578 532 89 534 89 
534 484 8916 584 5397 533 89 535 89 
535 485 6183 585 1938 534 89 536 89 
536 486 2140 586 123 535 89 537 89 
537 487 5004 587 8087 536 89 538 89 
538 488 2050 588 1701 537 89 539 89 
539 489 9522 589 4206 538 89 540 89 
540 490 3170 590 2665 539 89 541 89 
541 491 6865 591 7795 540 89 542 89 
542 492 1483 592 1415 541 89 543 89 
543 493 5988 593 3955 542 89 544 89 
544 494 2015 594 9738 543 89 545 89 
545 495 7765 595 1697 544 89 546 89 
546 496 9881 596 4160 545 89 547 89 
547 497 858 597 4215 546 89 548 89 
548 498 6316 598 6822 547 89 549 89 
549 499 7827 599 5720 548 89 
550 500 2703 600 7094 551 89 
551 501 1994 601 1469 550 89 552 89 
552 502 803 602 450 551 89 553 89 
553 503 3729 603 6837 552 89 554 89 
554 504 680 604 3949 553 89 555 89 
555 505 4545 605 1167 554 89 556 89 
556 506 6338 606 4946 555 89 557 89 
557 507 9764 607 546 556 89 558 89 
558 508 7732 608 8116 557 89 559 89 
559 509 4579 609 3913 558 89 560 89 
560 510 9743 610 3459 559 89 561 89 
561 511 857 611 9243 560 89 562 89 
562 512 4939 612 5581 561 89 563 89 
563 513 1944 613 4717 562 89 564 89 
564 514 283 614 1173 563 89 565 89 
565 515 206 615 7330 564 89 566 89 
566 516 4478 616 3006 565 89 567 89 
567 517 8774 617 1295 566 89 568 89 
568 518 5209 618 5416 567 89 569 89 
569 519 6528 619 1058 568 89 570 89 
570 520 4647 620 1852 569 89 571 89 
571 521 8379 621 4432 570 89 572 89 
572 522 9744 622 8852 571 89 573 89 
573 523 2481 623 3266 572 89 574 89 
574 524 718 624 8386 573 89 575 89 
575 525 1758 625 4941 574 89 576 89 
576 526 6598 626 1314 575 89 577 89 
577 527 6950 627 8897 576 89 578 89 
578 528 8967 628 9155 577 89 579 89 
579 529 2913 629 4488 578 89 580 89 
580 530 4776 630 968 579 89 581 89 
581 531 1669 631 6249 580 89 582 89 
582 532 1259 632 5956 581 89 583 89 
583 533 5578 633 1418 582 89 584 89 
584 534 5397 634 9437 583 89 585 89 
585 535 1938 635 9904 584 89 586 89 
586 536 123 636 8936 585 89 587 89 
587 537 8087 637 4383 586 89 588 89 
588 538 1701 638 6802 587 89 589 89 
589 539 4206 639 3404 588 89 590 89 
590 540 2665 640 4647 589 89 591 89 
591 541 7795 641 260 590 89 592 89 
592 542 1415 642 2646 591 89 593 89 
593 543 3955 643 227 592 89 594 89 
594 544 9738 644 1328 593 89 595 89 
595 545 1697 645 3818 594 89 596 89 
596 546 4160 646 7556 595 89 597 89 
597 547 4215 647 685 596 89 598 89 
598 548 6822 648 1464 597 89 599 89 
599 549 5720 649 9323 598 89 
600 550 7094 650 1742 601 89 
601 551 1469 651 3316 600 89 602 89 
602 552 450 652 3754 601 89 603 89 
603 553 6837 653 6945 602 89 604 89 
604 554 3949 654 2933 603 89 605 89 
605 555 1167 655 8491 604 89 606 89 
606 556 4946 656 1885 605 89 607 89 
607 557 546 657 599 606 89 608 89 
608 558 8116 658 7387 607 89 609 89 
609 559 3913 659 1039 608 89 610 89 
610 560 3459 660 5086 609 89 611 89 
611 561 9243 661 8355 610 89 612 89 
612 562 5581 662 3639 611 89 613 89 
613 563 4717 663 1041 612 89 614 89 
614 564 1173 664 6124 613 89 615 89 
615 565 7330 665 9428 614 89 616 89 
616 566 3006 666 7296 615 89 617 89 
617 567 1295 667 5059 616 89 618 89 
618 568 5416 668 162 617 89 619 89 
619 569 1058 669 4097 618 89 620 89 
620 570 1852 670 8462 619 89 621 89 
621 571 4432 671 4808 620 89 622 89 
622 572 8852 672 708 621 89 623 89 
623 573 3266 673 1108 622 89 624 89 
624 574 8386 674 5034 623 89 625 89 
625 575 4941 675 8387 624 89 626 89 
626 576 1314 676 1277 625 89 627 89 
627 577 8897 677 8942 626 89 628 89 
628 578 9155 678 9071 627 89 629 89 
629 579 4488 679 2741 628 89 630 89 
630 580 968 680 8264 629 89 631 89 
631 581 6249 681 7164 630 89 632 89 
632 582 5956 682 2408 631 89 633 89 
633 583 1418 683 8370 632 89 634 89 
634 584 9437 684 4108 633 89 635 89 
635 585 9904 685 1692 634 89 636 89 
636 586 8936 686 6860 635 89 637 89 
637 587 4383 687 5992 636 89 638 89 
638 588 6802 688 2290 637 89 639 89 
639 589 3404 689 599 638 89 640 89 
640 590 4647 690 3383 639 89 641 89 
641 591 260 691 3727 640 89 642 89 
642 592 2646 692 8953 641 89 643 89 
643 593 227 693 7021 642 89 644 89 
644 594 1328 694 4767 643 89 645 89 
645 595 3818 695 1428 644 89 646 89 
646 596 7556 696 2800 645 89 647 89 
647 597 685 697 8415 646 89 648 89 
648 598 1464 698 6486 647 89 649 89 
649 599 9323 699 2961 648 89 
650 600 1742 700 8863 651 89 
651 601 3316 701 4948 650 89 652 89 
652 602 3754 702 7768 651 89 653 89 
653 603 6945 703 9571 652 89 654 89 
654 604 2933 704 2407 653 89 655 89 
655 605 8491 705 9154 654 89 656 89 
656 606 1885 706 4309 655 89 657 89 
657 607 599 707 35 656 89 658 89 
658 608 7387 708 4447 657 89 659 89 
659 609 1039 709 3380 658 89 660 89 
660 610 5086 710 9127 659 89 661 89 
661 611 8355 711 2710 660 89 662 89 
662 612 3639 712 543 661 89 663 89 
663 613 1041 713 1534 662 89 664 89 
664 614 6124 714 7431 663 89 665 89 
665 615 9428 715 1003 664 89 666 89 
666 616 7296 716 3226 665 89 667 89 
667 617 5059 717 4291 666 89 668 89 
668 618 162 718 6994 667 89 669 89 
669 619 4097 719 1867 668 89 670 89 
670 620 8462 720 4889 669 89 671 89 
671 621 4808 721 376 670 89 672 89 
672 622 708 722 5594 671 89 673 89 
673 623 1108 723 193 672 89 674 89 
674 624 5034 724 3749 673 89 675 89 
675 625 8387 725 6712 674 89 676 89 
676 626 1277 726 1620 675 89 677 89 
677 627 8942 727 6548 676 89 678 89 
678 628 9071 728 5126 677 89 679 89 
679 629 2741 729 4457 678 89 680 89 
680 630 8264 730 5861 679 89 681 89 
681 631 7164 731 341 680 89 682 89 
682 632 2408 732 5756 681 89 683 89 
683 633 8370 733 9980 682 89 684 89 
684 634 4108 734 6263 683 89 685 89 
685 635 1692 735 4514 684 89 686 89 
686 636 6860 736 5485 685 89 687 89 
687 637 5992 737 571 686 89 688 89 
688 638 2290 738 4549 687 89 689 89 
689 639 599 739 9931 688 89 690 89 
690 640 3383 740 302 689 89 691 89 
691 641 3727 741 3675 690 89 692 89 
692 642 8953 742 8993 691 89 693 89 
693 643 7021 743 7197 692 89 694 89 
694 644 4767 744 1561 693 89 695 89 
695 645 1428 745 6423 694 89 696 89 
696 646 2800 746 8199 695 89 697 89 
697 647 8415 747 4786 696 89 698 89 
698 648 6486 748 7065 697 89 699 89 
699 649 2961 749 5192 698 89 
700 650 8863 750 3004 701 89 
701 651 4948 751 8305 700 89 702 89 
702 652 7768 752 1920 701 89 703 89 
703 653 9571 753 8597 702 89 704 89 
704 654 2407 754 8497 703 89 705 89 
705 655 9154 755 5668 704 89 706 89 
706 656 4309 756 5309 705 89 707 89 
707 657 35 757 6468 706 89 708 89 
708 658 4447 758 8567 707 89 709 89 
709 659 3380 759 6786 708 89 710 89 
710 660 9127 760 925 709 89 711 89 
711 661 2710 761 779 710 89 712 89 
712 662 543 762 3478 711 89 713 89 
713 663 1534 763 6680 712 89 714 89 
714 664 7431 764 759 713 89 715 89 
715 665 1003 765 9740 714 89 716 89 
716 666 3226 766 1194 715 89 717 89 
717 667 4291 767 2595 716 89 718 89 
718 668 6994 768 311 717 89 719 89 
719 669 1867 769 2094 718 89 720 89 
720 670 4889 770 2526 719 89 721 89 
721 671 376 771 612 720 89 722 89 
722 672 5594 772 5768 721 89 723 89 
723 673 193 773 1518 722 89 724 89 
724 674 3749 774 4160 723 89 725 89 
725 675 6712 775 7328 724 89 726 89 
726 676 1620 776 4292 725 89 727 89 
727 677 6548 777 2358 726 89 728 89 
728 678 5126 778 8465 727 89 729 89 
729 679 4457 779 1357 728 89 730 89 
730 680 5861 780 3902 729 89 731 89 
731 681 341 781 1469 730 89 732 89 
732 682 5756 782 9661 731 89 733 89 
733 683 9980 783 5821 732 89 734 89 
734 684 6263 784 65 733 89 735 89 
735 685 4514 785 4510 734 89 736 89 
736 686 5485 786 7840 735 89 737 89 
737 687 571 787 1725 736 89 738 89 
738 688 4549 788 7329 737 89 739 89 
739 689 9931 789 6406 738 89 740 89 
740 690 302 790 4863 739 89 741 89 
741 691 3675 791 8253 740 89 742 89 
742 692 8993 792 7185 741 89 743 89 
743 693 7197 793 8340 742 89 744 89 
744 694 1561 794 1285 743 89 745 89 
745 695 6423 795 4295 744 89 746 89 
746 696 8199 796 4432 745 89 747 89 
747 697 4786 797 2478 746 89 748 89 
748 698 7065 798 6889 747 89 749 89 
749 699 5192 799 4742 748 89 
750 700 3004 800 4571 751 89 
751 701 8305 801 5766 750 89 752 89 
752 702 1920 802 1705 751 89 753 89 
753 703 8597 803 6690 752 89 754 89 
754 704 8497 804 7283 753 89 755 89 
755 705 5668 805 5865 754 89 756 89 
756 706 5309 806 4018 755 89 757 89 
757 707 6468 807 7927 756 89 758 89 
758 708 8567 808 4574 757 89 759 89 
759 709 6786 809 8834 758 89 760 89 
760 710 925 810 9283 759 89 761 89 
761 711 779 811 8475 760 89 762 89 
762 712 3478 812 302 761 89 763 89 
763 713 6680 813 5295 762 89 764 89 
764 714 759 814 4295 763 89 765 89 
765 715 9740 815 6719 764 89 766 89 
766 716 1194 816 6156 765 89 767 89 
767 717 2595 817 2134 766 89 768 89 
768 718 311 818 4795 767 89 769 89 
769 719 2094 819 3485 768 89 770 89 
770 720 2526 820 4892 769 89 771 89 
771 721 612 821 6009 770 89 772 89 
772 722 5768 822 1737 771 89 773 89 
773 723 1518 823 8428 772 89 774 89 
774 724 4160 824 701 773 89 775 89 
775 725 7328 825 3021 774 89 776 89 
776 726 4292 826 9074 775 89 777 89 
777 727 2358 827 5132 776 89 778 89 
778 728 8465 828 1850 777 89 779 89 
779 729 1357 829 5962 778 89 780 89 
780 730 3902 830 6225 779 89 781 89 
781 731 1469 831 2772 780 89 782 89 
782 732 9661 832 8080 781 89 783 89 
783 733 5821 833 4281 782 89 784 89 
784 734 65 834 9462 783 89 785 89 
785 735 4510 835 5362 784 89 786 89 
786 736 7840 836 6497 785 89 787 89 
787 737 1725 837 9831 786 89 788 89 
788 738 7329 838 9640 787 89 789 89 
789 739 6406 839 1071 788 89 790 89 
790 740 4863 840 5016 789 89 791 89 
791 741 8253 841 8922 790 89 792 89 
792 742 7185 842 9545 791 89 793 89 
793 743 8340 843 5318 792 89 794 89 
794 744 1285 844 569 793 89 795 89 
795 745 4295 845 192 794 89 796 89 
796 746 4432 846 8388 795 89 797 89 
797 747 2478 847 6724 796 89 798 89 
798 748 6889 848 8677 797 89 799 89 
799 749 4742 849 9534 798 89 
800 750 4571 850 208 801 89 
801 751 5766 851 3568 800 89 802 89 
802 752 1705 852 5543 801 89 803 89 
803 753 6690 853 8297 802 89 804 89 
804 754 7283 854 1995 803 89 805 89 
805 755 5865 855 2595 804 89 806 89 
806 756 4018 856 7669 805 89 807 89 
807 757 7927 857 1068 806 89 808 89 
808 758 4574 858 7726 807 89 809 89 
809 759 8834 859 5871 808 89 810 89 
810 760 9283 860 3382 809 89 811 89 
811 761 8475 861 302 810 89 812 89 
812 762 302 862 8642 811 89 813 89 
813 763 5295 863 1461 812 89 814 89 
814 764 4295 864 4582 813 89 815 89 
815 765 6719 865 4455 814 89 816 89 
816 766 6156 866 3174 815 89 817 89 
817 767 2134 867 1079 816 89 818 89 
818 768 4795 868 637 817 89 819 89 
819 769 3485 869 2814 818 89 820 89 
820 770 4892 870 8501 819 89 821 89 
821 771 6009 871 5653 820 89 822 89 
822 772 1737 872 8087 821 89 823 89 
823 773 8428 873 8045 822 89 824 89 
824 774 701 874 7322 823 89 825 89 
825 775 3021 875 8655 824 89 826 89 
826 776 9074 876 4588 825 89 827 89 
827 777 5132 877 2061 826 89 828 89 
828 778 1850 878 1731 827 89 829 89 
829 779 5962 879 3265 828 89 830 89 
830 780 6225 880 1594 829 89 831 89 
831 781 2772 881 8290 830 89 832 89 
832 782 8080 882 3184 831 89 833 89 
833 783 4281 883 3488 832 89 834 89 
834 784 9462 884 2938 833 89 835 89 
835 785 5362 885 1531 834 89 836 89 
836 786 6497 886 6082 835 89 837 89 
837 787 9831 887 607 836 89 838 89 
838 788 9640 888 2598 837 89 839 89 
839 789 1071 889 159 838 89 840 89 
840 790 5016 890 6477 839 89 841 89 
841 791 8922 891 2331 840 89 842 89 
842 792 9545 892 460 841 89 843 89 
843 793 5318 893 1470 842 89 844 89 
844 794 569 894 143 843 89 845 89 
845 795 192 895 5042 844 89 846 89 
846 796 8388 896 2277 845 89 847 89 
847 797 6724 897 9669 846 89 848 89 
848 798 8677 898 2472 847 89 849 89 
849 799 9534 899 9265 848 89 
850 800 208 900 2482 851 89 
851 801 3568 901 972 850 89 852 89 
852 802 5543 902 4917 851 89 853 89 
853 803 8297 903 6920 852 89 854 89 
854 804 1995 904 5368 853 89 855 89 
855 805 2595 905 8590 854 89 856 89 
856 806 7669 906 1927 855 89 857 89 
857 807 1068 907 9956 856 89 858 89 
858 808 7726 908 7002 857 89 859 89 
859 809 5871 909 9 858 89 860 89 
860 810 3382 910 9572 859 89 861 89 
861 811 302 911 8596 860 89 862 89 
862 812 8642 912 8298 861 89 863 89 
863 813 1461 913 2755 862 89 864 89 
864 814 4582 914 8435 863 89 865 89 
865 815 4455 915 1236 864 89 866 89 
866 816 3174 916 4285 865 89 867 89 
867 817 1079 917 4517 866 89 868 89 
868 818 637 918 8194 867 89 869 89 
869 819 2814 919 3235 868 89 870 89 
870 820 8501 920 1027 869 89 871 89 
871 821 5653 921 4670 870 89 872 89 
872 822 8087 922 1917 871 89 873 89 
873 823 8045 923 1487 872 89 874 89 
874 824 7322 924 2491 873 89 875 89 
875 825 8655 925 2060 874 89 876 89 
876 826 4588 926 2880 875 89 877 89 
877 827 2061 927 4767 876 89 878 89 
878 828 1731 928 8080 877 89 879 89 
879 829 3265 929 5351 878 89 880 89 
880 830 1594 930 4032 879 89 881 89 
881 831 8290 931 561 880 89 882 89 
882 832 3184 932 2674 881 89 883 89 
883 833 3488 933 5300 882 89 884 89 
884 834 2938 934 3832 883 89 885 89 
885 835 1531 935 4393 884 89 886 89 
886 836 6082 936 242 885 89 887 89 
887 837 607 937 5758 886 89 888 89 
888 838 2598 938 700 887 89 889 89 
889 839 159 939 7243 888 89 890 89 
890 840 6477 940 5766 889 89 891 89 
891 841 2331 941 271 890 89 892 89 
892 842 460 942 2190 891 89 893 89 
893 843 1470 943 416 892 89 894 89 
894 844 143 944 9378 893 89 895 89 
895 845 5042 945 625 894 89 896 89 
896 846 2277 946 1651 895 89 897 89 
897 847 9669 947 14 896 89 898 89 
898 848 2472 948 1493 897 89 899 89 
899 849 9265 949 9844 898 89 
900 850 2482 950 3248 901 89 
901 851 972 951 2519 900 89 902 89 
902 852 4917 952 865 901 89 903 89 
903 853 6920 953 1517 902 89 904 89 
904 854 5368 954 4005 903 89 905 89 
905 855 8590 955 9707 904 89 906 89 
906 856 1927 956 9928 905 89 907 89 
907 857 9956 957 3236 906 89 908 89 
908 858 7002 958 4474 907 89 909 89 
909 859 9 959 8007 908 89 910 89 
910 860 9572 960 4938 909 89 911 89 
911 861 8596 961 4857 910 89 912 89 
912 862 8298 962 4919 911 89 913 89 
913 863 2755 963 7611 912 89 914 89 
914 864 8435 964 156 913 89 915 89 
915 865 1236 965 8750 914 89 916 89 
916 866 4285 966 2004 915 89 917 89 
917 867 4517 967 6749 916 89 918 89 
918 868 8194 968 860 917 89 919 89 
919 869 3235 969 2703 918 89 920 89 
920 870 1027 970 3992 919 89 921 89 
921 871 4670 971 2977 920 89 922 89 
922 872 1917 972 9326 921 89 923 89 
923 873 1487 973 2533 922 89 924 89 
924 874 2491 974 3392 923 89 925 89 
925 875 2060 975 5055 924 89 926 89 
926 876 2880 976 3157 925 89 927 89 
927 877 4767 977 1394 926 89 928 89 
928 878 8080 978 5068 927 89 929 89 
929 879 5351 979 4649 928 89 930 89 
930 880 4032 980 7589 929 89 931 89 
931 881 561 981 4668 930 89 932 89 
932 882 2674 982 3520 931 89 933 89 
933 883 5300 983 4805 932 89 934 89 
934 884 3832 984 6184 933 89 935 89 
935 885 4393 985 3876 934 89 936 89 
936 886 242 986 4512 935 89 937 89 
937 887 5758 987 6111 936 89 938 89 
938 888 700 988 7112 937 89 939 89 
939 889 7243 989 8985 938 89 940 89 
940 890 5766 990 469 939 89 941 89 
941 891 271 991 2049 940 89 942 89 
942 892 2190 992 193 941 89 943 89 
943 893 416 993 5387 942 89 944 89 
944 894 9378 994 6012 943 89 945 89 
945 895 625 995 6700 944 89 946 89 
946 896 1651 996 488 945 89 947 89 
947 897 14 997 4367 946 89 948 89 
948 898 1493 998 3449 947 89 949 89 
949 899 9844 999 1347 948 89 
950 900 3248 1000 3421 951 89 
951 901 2519 1001 3792 950 89 952 89 
952 902 865 1002 676 951 89 953 89 
953 903 1517 1003 2746 952 89 954 89 
954 904 4005 1004 6324 953 89 955 89 
955 905 9707 1005 4067 954 89 956 89 
956 906 9928 1006 7800 955 89 957 89 
957 907 3236 1007 9481 956 89 958 89 
958 908 4474 1008 1813 957 89 959 89 
959 909 8007 1009 9220 958 89 960 89 
960 910 4938 1010 481 959 89 961 89 
961 911 4857 1011 9401 960 89 962 89 
962 912 4919 1012 3887 961 89 963 89 
963 913 7611 1013 4000 962 89 964 89 
964 914 156 1014 4206 963 89 965 89 
965 915 8750 1015 6422 964 89 966 89 
966 916 2004 1016 4228 965 89 967 89 
967 917 6749 1017 8717 966 89 968 89 
968 918 860 1018 2532 967 89 969 89 
969 919 2703 1019 1339 968 89 970 89 
970 920 3992 1020 4053 969 89 971 89 
971 921 2977 1021 9352 970 89 972 89 
972 922 9326 1022 9739 971 89 973 89 
973 923 2533 1023 4245 972 89 974 89 
974 924 3392 1024 4738 973 89 975 89 
975 925 5055 1025 5750 974 89 976 89 
976 926 3157 1026 7296 975 89 977 89 
977 927 1394 1027 1577 976 89 978 89 
978 928 5068 1028 116 977 89 979 89 
979 929 4649 1029 744 978 89 980 89 
980 930 7589 1030 9276 979 89 981 89 
981 931 4668 1031 3537 980 89 982 89 
982 932 3520 1032 4535 981 89 983 89 
983 933 4805 1033 9951 982 89 984 89 
984 934 6184 1034 2634 983 89 985 89 
985 935 3876 1035 859 984 89 986 89 
986 936 4512 1036 369 985 89 987 89 
987 937 6111 1037 6786 986 89 988 89 
988 938 7112 1038 6691 987 89 989 89 
989 939 8985 1039 2181 988 89 990 89 
990 940 469 1040 6005 989 89 991 89 
991 941 2049 1041 3523 990 89 992 89 
992 942 193 1042 7934 991 89 993 89 
993 943 5387 1043 6243 992 89 994 89 
994 944 6012 1044 3875 993 89 995 89 
995 945 6700 1045 8491 994 89 996 89 
996 946 488 1046 2664 995 89 997 89 
997 947 4367 1047 8102 996 89 998 89 
998 948 3449 1048 3559 997 89 999 89 
999 949 1347 1049 1547 998 89 
1000 950 3421 1050 9440 1001 89 
1001 951 3792 1051 3963 1000 89 1002 89 
1002 952 676 1052 898 1001 89 1003 89 
1003 953 2746 1053 9178 1002 89 1004 89 
1004 954 6324 1054 4559 1003 89 1005 89 
1005 955 4067 1055 1987 1004 89 1006 89 
1006 956 7800 1056 1280 1005 89 1007 89 
1007 957 9481 1057 1854 1006 89 1008 89 
1008 958 1813 1058 3563 1007 89 1009 89 
1009 959 9220 1059 1395 1008 89 1010 89 
1010 960 481 1060 2598 1009 89 1011 89 
1011 961 9401 1061 2838 1010 89 1012 89 
1012 962 3887 1062 1283 1011 89 1013 89 
1013 963 4000 1063 3484 1012 89 1014 89 
1014 964 4206 1064 9140 1013 89 1015 89 
1015 965 6422 1065 269 1014 89 1016 89 
1016 966 4228 1066 694 1015 89 1017 89 
1017 967 8717 1067 9509 1016 89 1018 89 
1018 968 2532 1068 7054 1017 89 1019 89 
1019 969 1339 1069 3736 1018 89 1020 89 
1020 970 4053 1070 8041 1019 89 1021 89 
1021 971 9352 1071 9410 1020 89 1022 89 
1022 972 9739 1072 7259 1021 89 1023 89 
1023 973 4245 1073 2326 1022 89 1024 89 
1024 974 4738 1074 5652 1023 89 1025 89 
1025 975 5750 1075 1133 1024 89 1026 89 
1026 976 7296 1076 816 1025 89 1027 89 
1027 977 1577 1077 8315 1026 89 1028 89 
1028 978 116 1078 9234 1027 89 1029 89 
1029 979 744 1079 726 1028 89 1030 89 
1030 980 9276 1080 9861 1029 89 1031 89 
1031 981 3537 1081 5025 1030 89 1032 89 
1032 982 4535 1082 4688 1031 89 1033 89 
1033 983 9951 1083 758 1032 89 1034 89 
1034 984 2634 1084 554 1033 89 1035 89 
1035 985 859 1085 5598 1034 89 1036 89 
1036 986 369 1086 9096 1035 89 1037 89 
1037 987 6786 1087 1833 1036 89 1038 89 
1038 988 6691 1088 7452 1037 89 1039 89 
1039 989 2181 1089 2658 1038 89 1040 89 
1040 990 6005 1090 3228 1039 89 1041 89 
1041 991 3523 1091 6401 1040 89 1042 89 
1042 992 7934 1092 1848 1041 89 1043 89 
1043 993 6243 1093 862 1042 89 1044 89 
1044 994 3875 1094 6236 1043 89 1045 89 
1045 995 8491 1095 987 1044 89 1046 89 
1046 996 2664 1096 1130 1045 89 1047 89 
1047 997 8102 1097 6930 1046 89 1048 89 
1048 998 3559 1098 495 1047 89 1049 89 
1049 999 1547 1099 4535 1048 89 
1050 1000 9440 1100 7017 1051 89 
1051 1001 3963 1101 4888 1050 89 1052 89 
1052 1002 898 1102 3944 1051 89 1053 89 
1053 1003 9178 1103 4275 1052 89 1054 89 
1054 1004 4559 1104 7213 1053 89 1055 89 
1055 1005 1987 1105 9595 1054 89 1056 89 
1056 1006 1280 1106 1759 1055 89 1057 89 
1057 1007 1854 1107 4381 1056 89 1058 89 
1058 1008 3563 1108 4261 1057 89 1059 89 
1059 1009 1395 1109 992 1058 89 1060 89 
1060 1010 2598 1110 5106 1059 89 1061 89 
1061 1011 2838 1111 4121 1060 89 1062 89 
1062 1012 1283 1112 2368 1061 89 1063 89 
1063 1013 3484 1113 6146 1062 89 1064 89 
1064 1014 9140 1114 1230 1063 89 1065 89 
1065 1015 269 1115 2922 1064 89 1066 89 
1066 1016 694 1116 8095 1065 89 1067 89 
1067 1017 9509 1117 6677 1066 89 1068 89 
1068 1018 7054 1118 4754 1067 89 1069 89 
1069 1019 3736 1119 5546 1068 89 1070 89 
1070 1020 8041 1120 9335 1069 89 1071 89 
1071 1021 9410 1121 4333 1070 89 1072 89 
1072 1022 7259 1122 8298 1071 89 1073 89 
1073 1023 2326 1123 7534 1072 89 1074 89 
1074 1024 5652 1124 1547 1073 89 1075 89 
1075 1025 1133 1125 4534 1074 89 1076 89 
1076 1026 816 1126 8520 1075 89 1077 89 
1077 1027 8315 1127 2676 1076 89 1078 89 
1078 1028 9234 1128 7815 1077 89 1079 89 
1079 1029 726 1129 5367 1078 89 1080 89 
1080 1030 9861 1130 3563 1079 89 1081 89 
1081 1031 5025 1131 4831 1080 89 1082 89 
1082 1032 4688 1132 6606 1081 89 1083 89 
1083 1033 758 1133 7506 1082 89 1084 89 
1084 1034 554 1134 5458 1083 89 1085 89 
1085 1035 5598 1135 3818 1084 89 1086 89 
1086 1036 9096 1136 3453 1085 89 1087 89 
1087 1037 1833 1137 7216 1086 89 1088 89 
1088 1038 7452 1138 8198 1087 89 1089 89 
1089 1039 2658 1139 4065 1088 89 1090 89 
1090 1040 3228 1140 4560 1089 89 1091 89 
1091 1041 6401 1141 9656 1090 89 1092 89 
1092 1042 1848 1142 4538 1091 89 1093 89 
1093 1043 862 1143 6927 1092 89 1094 89 
1094 1044 6236 1144 2153 1093 89 1095 89 
1095 1045 987 1145 5767 1094 89 1096 89 
1096 1046 1130 1146 6200 1095 89 1097 89 
1097 1047 6930 1147 247 1096 89 1098 89 
1098 1048 495 1148 8796 1097 89 1099 89 
1099 1049 4535 1149 7306 1098 89 
1100 1050 7017 1150 2145 1101 89 
1101 1051 4888 1151 8130 1100 89 1102 89 
1102 1052 3944 1152 1638 1101 89 1103 89 
1103 1053 4275 1153 6794 1102 89 1104 89 
1104 1054 7213 1154 2015 1103 89 1105 89 
1105 1055 9595 1155 3184 1104 89 1106 89 
1106 1056 1759 1156 7679 1105 89 1107 89 
1107 1057 4381 1157 6886 1106 89 1108 89 
1108 1058 4261 1158 2212 1107 89 1109 89 
1109 1059 992 1159 5493 1108 89 1110 89 
1110 1060 5106 1160 2252 1109 89 1111 89 
1111 1061 4121 1161 5774 1110 89 1112 89 
1112 1062 2368 1162 6676 1111 89 1113 89 
1113 1063 6146 1163 8857 1112 89 1114 89 
1114 1064 1230 1164 9631 1113 89 1115 89 
1115 1065 2922 1165 8485 1114 89 1116 89 
1116 1066 8095 1166 9027 1115 89 1117 89 
1117 1067 6677 1167 9435 1116 89 1118 89 
1118 1068 4754 1168 5700 1117 89 1119 89 
1119 1069 5546 1169 3576 1118 89 1120 89 
1120 1070 9335 1170 3500 1119 89 1121 89 
1121 1071 4333 1171 6611 1120 89 1122 89 
1122 1072 8298 1172 9583 1121 89 1123 89 
1123 1073 7534 1173 8037 1122 89 1124 89 
1124 1074 1547 1174 9890 1123 89 1125 89 
1125 1075 4534 1175 1735 1124 89 1126 89 
1126 1076 8520 1176 155 1125 89 1127 89 
1127 1077 2676 1177 6089 1126 89 1128 89 
1128 1078 7815 1178 8334 1127 89 1129 89 
1129 1079 5367 1179 8950 1128 89 1130 89 
1130 1080 3563 1180 3394 1129 89 1131 89 
1131 1081 4831 1181 6830 1130 89 1132 89 
1132 1082 6606 1182 3431 1131 89 1133 89 
1133 1083 7506 1183 1384 1132 89 1134 89 
1134 1084 5458 1184 3623 1133 89 1135 89 
1135 1085 3818 1185 5445 1134 89 1136 89 
1136 1086 3453 1186 919 1135 89 1137 89 
1137 1087 7216 1187 1302 1136 89 1138 89 
1138 1088 8198 1188 8683 1137 89 1139 89 
1139 1089 4065 1189 3130 1138 89 1140 89 
1140 1090 4560 1190 3146 1139 89 1141 89 
1141 1091 9656 1191 934 1140 89 1142 89 
1142 1092 4538 1192 5255 1141 89 1143 89 
1143 1093 6927 1193 6173 1142 89 1144 89 
1144 1094 2153 1194 6143 1143 89 1145 89 
1145 1095 5767 1195 1238 1144 89 1146 89 
1146 1096 6200 1196 4657 1145 89 1147 89 
1147 1097 247 1197 1521 1146 89 1148 89 
1148 1098 8796 1198 672 1147 89 1149 89 
1149 1099 7306 1199 357 1148 89 
1150 1100 2145 1200 5096 1151 89 
1151 1101 8130 1201 523 1150 89 1152 89 
1152 1102 1638 1202 3319 1151 89 1153 89 
1153 1103 6794 1203 1031 1152 89 1154 89 
1154 1104 2015 1204 8559 1153 89 1155 89 
1155 1105 3184 1205 3208 1154 89 1156 89 
1156 1106 7679 1206 9117 1155 89 1157 89 
1157 1107 6886 1207 5066 1156 89 1158 89 
1158 1108 2212 1208 5649 1157 89 1159 89 
1159 1109 5493 1209 3802 1158 89 1160 89 
1160 1110 2252 1210 367 1159 89 1161 89 
1161 1111 5774 1211 5394 1160 89 1162 89 
1162 1112 6676 1212 631 1161 89 1163 89 
1163 1113 8857 1213 3798 1162 89 1164 89 
1164 1114 9631 1214 6777 1163 89 1165 89 
1165 1115 8485 1215 606 1164 89 1166 89 
1166 1116 9027 1216 5594 1165 89 1167 89 
1167 1117 9435 1217 7696 1166 89 1168 89 
1168 1118 5700 1218 8259 1167 89 1169 89 
1169 1119 3576 1219 4276 1168 89 1170 89 
1170 1120 3500 1220 7177 1169 89 1171 89 
1171 1121 6611 1221 1404 1170 89 1172 89 
1172 1122 9583 1222 1562 1171 89 1173 89 
1173 1123 8037 1223 8784 1172 89 1174 89 
1174 1124 9890 1224 3929 1173 89 1175 89 
1175 1125 1735 1225 4056 1174 89 1176 89 
1176 1126 155 1226 21 1175 89 1177 89 
1177 1127 6089 1227 8585 1176 89 1178 89 
1178 1128 8334 1228 1928 1177 89 1179 89 
1179 1129 8950 1229 692 1178 89 1180 89 
1180 1130 3394 1230 5293 1179 89 1181 89 
1181 1131 6830 1231 3375 1180 89 1182 89 
1182 1132 3431 1232 7567 1181 89 1183 89 
1183 1133 1384 1233 8612 1182 89 1184 89 
1184 1134 3623 1234 4405 1183 89 1185 89 
1185 1135 5445 1235 2477 1184 89 1186 89 
1186 1136 919 1236 8171 1185 89 1187 89 
1187 1137 1302 1237 3522 1186 89 1188 89 
1188 1138 8683 1238 7542 1187 89 1189 89 
1189 1139 3130 1239 3819 1188 89 1190 89 
1190 1140 3146 1240 3675 1189 89 1191 89 
1191 1141 934 1241 7909 1190 89 1192 89 
1192 1142 5255 1242 9213 1191 89 1193 89 
1193 1143 6173 1243 4306 1192 89 1194 89 
1194 1144 6143 1244 8058 1193 89 1195 89 
1195 1145 1238 1245 2341 1194 89 1196 89 
1196 1146 4657 1246 1263 1195 89 1197 89 
1197 1147 1521 1247 3 1196 89 1198 89 
1198 1148 672 1248 6388 1197 89 1199 89 
1199 1149 357 1249 9521 1198 89 
1200 1150 5096 1250 631 1201 89 
1201 1151 523 1251 3565 1200 89 1202 89 
1202 1152 3319 1252 7276 1201 89 1203 89 
1203 1153 1031 1253 8544 1202 89 1204 89 
1204 1154 8559 1254 2348 1203 89 1205 89 
1205 1155 3208 1255 1204 1204 89 1206 89 
1206 1156 9117 1256 8951 1205 89 1207 89 
1207 1157 5066 1257 2368 1206 89 1208 89 
1208 1158 5649 1258 6141 1207 89 1209 89 
1209 1159 3802 1259 878 1208 89 1210 89 
1210 1160 367 1260 9411 1209 89 1211 89 
1211 1161 5394 1261 1433 1210 89 1212 89 
1212 1162 631 1262 604 1211 89 1213 89 
1213 1163 3798 1263 3329 1212 89 1214 89 
1214 1164 6777 1264 44 1213 89 1215 89 
1215 1165 606 1265 5009 1214 89 1216 89 
1216 1166 5594 1266 5806 1215 89 1217 89 
1217 1167 7696 1267 4567 1216 89 1218 89 
1218 1168 8259 1268 4882 1217 89 1219 89 
1219 1169 4276 1269 3347 1218 89 1220 89 
1220 1170 7177 1270 8385 1219 89 1221 89 
1221 1171 1404 1271 8556 1220 89 1222 89 
1222 1172 1562 1272 7607 1221 89 1223 89 
1223 1173 8784 1273 3949 1222 89 1224 89 
1224 1174 3929 1274 9213 1223 89 1225 89 
1225 1175 4056 1275 2016 1224 89 1226 89 
1226 1176 21 1276 2642 1225 89 1227 89 
1227 1177 8585 1277 6827 1226 89 1228 89 
1228 1178 1928 1278 8371 1227 89 1229 89 
1229 1179 692 1279 9029 1228 89 1230 89 
1230 1180 5293 1280 6347 1229 89 1231 89 
1231 1181 3375 1281 5353 1230 89 1232 89 
1232 1182 7567 1282 2593 1231 89 1233 89 
1233 1183 8612 1283 9975 1232 89 1234 89 
1234 1184 4405 1284 248 1233 89 1235 89 
1235 1185 2477 1285 1292 1234 89 1236 89 
1236 1186 8171 1286 7530 1235 89 1237 89 
1237 1187 3522 1287 9198 1236 89 1238 89 
1238 1188 7542 1288 11 1237 89 1239 89 
1239 1189 3819 1289 3670 1238 89 1240 89 
1240 1190 3675 1290 6427 1239 89 1241 89 
1241 1191 7909 1291 9422 1240 89 1242 89 
1242 1192 9213 1292 5103 1241 89 1243 89 
1243 1193 4306 1293 7030 1242 89 1244 89 
1244 1194 8058 1294 2750 1243 89 1245 89 
1245 1195 2341 1295 1498 1244 89 1246 89 
1246 1196 1263 1296 8390 1245 89 1247 89 
1247 1197 3 1297 4907 1246 89 1248 89 
1248 1198 6388 1298 6064 1247 89 1249 89 
1249 1199 9521 1299 9623 1248 89 
1250 1200 631 1300 4606 1251 89 
1251 1201 3565 1301 801 1250 89 1252 89 
1252 1202 7276 1302 4531 1251 89 1253 89 
1253 1203 8544 1303 2212 1252 89 1254 89 
1254 1204 2348 1304 1101 1253 89 1255 89 
1255 1205 1204 1305 95 1254 89 1256 89 
1256 1206 8951 1306 580 1255 89 1257 89 
1257 1207 2368 1307 3742 1256 89 1258 89 
1258 1208 6141 1308 6922 1257 89 1259 89 
1259 1209 878 1309 5302 1258 89 1260 89 
1260 1210 9411 1310 9123 1259 89 1261 89 
1261 1211 1433 1311 3268 1260 89 1262 89 
1262 1212 604 1312 654 1261 89 1263 89 
1263 1213 3329 1313 1715 1262 89 1264 89 
1264 1214 44 1314 9594 1263 89 1265 89 
1265 1215 5009 1315 901 1264 89 1266 89 
1266 1216 5806 1316 9359 1265 89 1267 89 
1267 1217 4567 1317 7124 1266 89 1268 89 
1268 1218 4882 1318 6450 1267 89 1269 89 
1269 1219 3347 1319 9369 1268 89 1270 89 
1270 1220 8385 1320 793 1269 89 1271 89 
1271 1221 8556 1321 2876 1270 89 1272 89 
1272 1222 7607 1322 5142 1271 89 1273 89 
1273 1223 3949 1323 5895 1272 89 1274 89 
1274 1224 9213 1324 6257 1273 89 1275 89 
1275 1225 2016 1325 4244 1274 89 1276 89 
1276 1226 2642 1326 3745 1275 89 1277 89 
1277 1227 6827 1327 4647 1276 89 1278 89 
1278 1228 8371 1328 9150 1277 89 1279 89 
1279 1229 9029 1329 6160 1278 89 1280 89 
1280 1230 6347 1330 621 1279 89 1281 89 
1281 1231 5353 1331 3755 1280 89 1282 89 
1282 1232 2593 1332 6960 1281 89 1283 89 
1283 1233 9975 1333 5151 1282 89 1284 89 
1284 1234 248 1334 2319 1283 89 1285 89 
1285 1235 1292 1335 4413 1284 89 1286 89 
1286 1236 7530 1336 5246 1285 89 1287 89 
1287 1237 9198 1337 9250 1286 89 1288 89 
1288 1238 11 1338 8154 1287 89 1289 89 
1289 1239 3670 1339 2167 1288 89 1290 89 
1290 1240 6427 1340 4551 1289 89 1291 89 
1291 1241 9422 1341 7276 1290 89 1292 89 
1292 1242 5103 1342 1786 1291 89 1293 89 
1293 1243 7030 1343 1556 1292 89 1294 89 
1294 1244 2750 1344 5343 1293 89 1295 89 
1295 1245 1498 1345 7732 1294 89 1296 89 
1296 1246 8390 1346 8808 1295 89 1297 89 
1297 1247 4907 1347 1053 1296 89 1298 89 
1298 1248 6064 1348 4855 1297 89 1299 89 
1299 1249 9623 1349 5257 1298 89 
1300 1250 4606 1350 421 1301 89 
1301 1251 801 1351 5647 1300 89 1302 89 
1302 1252 4531 1352 4484 1301 89 1303 89 
1303 1253 2212 1353 5563 1302 89 1304 89 
1304 1254 1101 1354 7894 1303 89 1305 89 
1305 1255 95 1355 740 1304 89 1306 89 
1306 1256 580 1356 9806 1305 89 1307 89 
1307 1257 3742 1357 1638 1306 89 1308 89 
1308 1258 6922 1358 1738 1307 89 1309 89 
1309 1259 5302 1359 5307 1308 89 1310 89 
1310 1260 9123 1360 7797 1309 89 1311 89 
1311 1261 3268 1361 2359 1310 89 1312 89 
1312 1262 654 1362 9062 1311 89 1313 89 
1313 1263 1715 1363 1109 1312 89 1314 89 
1314 1264 9594 1364 3861 1313 89 1315 89 
1315 1265 901 1365 1380 1314 89 1316 89 
1316 1266 9359 1366 5521 1315 89 1317 89 
1317 1267 7124 1367 5458 1316 89 1318 89 
1318 1268 6450 1368 629 1317 89 1319 89 
1319 1269 9369 1369 26 1318 89 1320 89 
1320 1270 793 1370 3976 1319 89 1321 89 
1321 1271 2876 1371 1531 1320 89 1322 89 
1322 1272 5142 1372 3654 1321 89 1323 89 
1323 1273 5895 1373 5762 1322 89 1324 89 
1324 1274 6257 1374 3086 1323 89 1325 89 
1325 1275 4244 1375 5348 1324 89 1326 89 
1326 1276 3745 1376 3493 1325 89 1327 89 
1327 1277 4647 1377 1893 1326 89 1328 89 
1328 1278 9150 1378 6400 1327 89 1329 89 
1329 1279 6160 1379 4699 1328 89 1330 89 
1330 1280 621 1380 7149 1329 89 1331 89 
1331 1281 3755 1381 6820 1330 89 1332 89 
1332 1282 6960 1382 345 1331 89 1333 89 
1333 1283 5151 1383 1632 1332 89 1334 89 
1334 1284 2319 1384 8734 1333 89 1335 89 
1335 1285 4413 1385 4590 1334 89 1336 89 
1336 1286 5246 1386 8723 1335 89 1337 89 
1337 1287 9250 1387 4891 1336 89 1338 89 
1338 1288 8154 1388 2579 1337 89 1339 89 
1339 1289 2167 1389 461 1338 89 1340 89 
1340 1290 4551 1390 198 1339 89 1341 89 
1341 1291 7276 1391 376 1340 89 1342 89 
1342 1292 1786 1392 9171 1341 89 1343 89 
1343 1293 1556 1393 9259 1342 89 1344 89 
1344 1294 5343 1394 7836 1343 89 1345 89 
1345 1295 7732 1395 3031 1344 89 1346 89 
1346 1296 8808 1396 6990 1345 89 1347 89 
1347 1297 1053 1397 9708 1346 89 1348 89 
1348 1298 4855 1398 4841 1347 89 1349 89 
1349 1299 5257 1399 3970 1348 89 
1350 1300 421 1400 9733 1351 89 
1351 1301 5647 1401 8816 1350 89 1352 89 
1352 1302 4484 1402 5500 1351 89 1353 89 
1353 1303 5563 1403 9738 1352 89 1354 89 
1354 1304 7894 1404 929 1353 89 1355 89 
1355 1305 740 1405 8585 1354 89 1356 89 
1356 1306 9806 1406 5085 1355 89 1357 89 
1357 1307 1638 1407 4421 1356 89 1358 89 
1358 1308 1738 1408 6829 1357 89 1359 89 
1359 1309 5307 1409 7836 1358 89 1360 89 
1360 1310 7797 1410 5471 1359 89 1361 89 
1361 1311 2359 1411 3977 1360 89 1362 89 
1362 1312 9062 1412 4656 1361 89 1363 89 
1363 1313 1109 1413 5816 1362 89 1364 89 
1364 1314 3861 1414 1960 1363 89 1365 89 
1365 1315 1380 1415 9741 1364 89 1366 89 
1366 1316 5521 1416 6757 1365 89 1367 89 
1367 1317 5458 1417 682 1366 89 1368 89 
1368 1318 629 1418 4632 1367 89 1369 89 
1369 1319 26 1419 9336 1368 89 1370 89 
1370 1320 3976 1420 7494 1369 89 1371 89 
1371 1321 1531 1421 4829 1370 89 1372 89 
1372 1322 3654 1422 9711 1371 89 1373 89 
1373 1323 5762 1423 6664 1372 89 1374 89 
1374 1324 3086 1424 439 1373 89 1375 89 
1375 1325 5348 1425 3898 1374 89 1376 89 
1376 1326 3493 1426 6047 1375 89 1377 89 
1377 1327 1893 1427 3780 1376 89 1378 89 
1378 1328 6400 1428 3605 1377 89 1379 89 
1379 1329 4699 1429 887 1378 89 1380 89 
1380 1330 7149 1430 7749 1379 89 1381 89 
1381 1331 6820 1431 9689 1380 89 1382 89 
1382 1332 345 1432 9702 1381 89 1383 89 
1383 1333 1632 1433 3248 1382 89 1384 89 
1384 1334 8734 1434 9427 1383 89 1385 89 
1385 1335 4590 1435 6983 1384 89 1386 89 
1386 1336 8723 1436 8184 1385 89 1387 89 
1387 1337 4891 1437 863 1386 89 1388 89 
1388 1338 2579 1438 1403 1387 89 1389 89 
1389 1339 461 1439 5012 1388 89 1390 89 
1390 1340 198 1440 8699 1389 89 1391 89 
1391 1341 376 1441 6874 1390 89 1392 89 
1392 1342 9171 1442 5340 1391 89 1393 89 
1393 1343 9259 1443 9706 1392 89 1394 89 
1394 1344 7836 1444 9041 1393 89 1395 89 
1395 1345 3031 1445 7299 1394 89 1396 89 
1396 1346 6990 1446 9446 1395 89 1397 89 
1397 1347 9708 1447 5797 1396 89 1398 89 
1398 1348 4841 1448 4332 1397 89 1399 89 
1399 1349 3970 1449 4077 1398 89 
1400 1350 9733 1450 1484 1401 89 
1401 1351 8816 1451 8178 1400 89 1402 89 
1402 1352 5500 1452 5257 1401 89 1403 89 
1403 1353 9738 1453 7546 1402 89 1404 89 
1404 1354 929 1454 1193 1403 89 1405 89 
1405 1355 8585 1455 2047 1404 89 1406 89 
1406 1356 5085 1456 1443 1405 89 1407 89 
1407 1357 4421 1457 7239 1406 89 1408 89 
1408 1358 6829 1458 2178 1407 89 1409 89 
1409 1359 7836 1459 5047 1408 89 1410 89 
1410 1360 5471 1460 4477 1409 89 1411 89 
1411 1361 3977 1461 9926 1410 89 1412 89 
1412 1362 4656 1462 4736 1411 89 1413 89 
1413 1363 5816 1463 531 1412 89 1414 89 
1414 1364 1960 1464 9525 1413 89 1415 89 
1415 1365 9741 1465 4162 1414 89 1416 89 
1416 1366 6757 1466 7513 1415 89 1417 89 
1417 1367 682 1467 7708 1416 89 1418 89 
1418 1368 4632 1468 5024 1417 89 1419 89 
1419 1369 9336 1469 5267 1418 89 1420 89 
1420 1370 7494 1470 9071 1419 89 1421 89 
1421 1371 4829 1471 74 1420 89 1422 89 
1422 1372 9711 1472 8492 1421 89 1423 89 
1423 1373 6664 1473 4410 1422 89 1424 89 
1424 1374 439 1474 9779 1423 89 1425 89 
1425 1375 3898 1475 3884 1424 89 1426 89 
1426 1376 6047 1476 8060 1425 89 1427 89 
1427 1377 3780 1477 9225 1426 89 1428 89 
1428 1378 3605 1478 6033 1427 89 1429 89 
1429 1379 887 1479 8744 1428 89 1430 89 
1430 1380 7749 1480 9653 1429 89 1431 89 
1431 1381 9689 1481 7516 1430 89 1432 89 
1432 1382 9702 1482 6921 1431 89 1433 89 
1433 1383 3248 1483 1262 1432 89 1434 89 
1434 1384 9427 1484 5062 1433 89 1435 89 
1435 1385 6983 1485 8113 1434 89 1436 89 
1436 1386 8184 1486 9660 1435 89 1437 89 
1437 1387 863 1487 6504 1436 89 1438 89 
1438 1388 1403 1488 1704 1437 89 1439 89 
1439 1389 5012 1489 1838 1438 89 1440 89 
1440 1390 8699 1490 7903 1439 89 1441 89 
1441 1391 6874 1491 2532 1440 89 1442 89 
1442 1392 5340 1492 1763 1441 89 1443 89 
1443 1393 9706 1493 8990 1442 89 1444 89 
1444 1394 9041 1494 9414 1443 89 1445 89 
1445 1395 7299 1495 1288 1444 89 1446 89 
1446 1396 9446 1496 9503 1445 89 1447 89 
1447 1397 5797 1497 6926 1446 89 1448 89 
1448 1398 4332 1498 5347 1447 89 1449 89 
1449 1399 4077 1499 878 1448 89 
1450 1400 1484 1500 8545 1451 89 
1451 1401 8178 1501 4418 1450 89 1452 89 
1452 1402 5257 1502 952 1451 89 1453 89 
1453 1403 7546 1503 3388 1452 89 1454 89 
1454 1404 1193 1504 5179 1453 89 1455 89 
1455 1405 2047 1505 730 1454 89 1456 89 
1456 1406 1443 1506 7272 1455 89 1457 89 
1457 1407 7239 1507 3239 1456 89 1458 89 
1458 1408 2178 1508 9954 1457 89 1459 89 
1459 1409 5047 1509 9656 1458 89 1460 89 
1460 1410 4477 1510 1982 1459 89 1461 89 
1461 1411 9926 1511 5959 1460 89 1462 89 
1462 1412 4736 1512 7171 1461 89 1463 89 
1463 1413 531 1513 5254 1462 89 1464 89 
1464 1414 9525 1514 7220 1463 89 1465 89 
1465 1415 4162 1515 8584 1464 89 1466 89 
1466 1416 7513 1516 3366 1465 89 1467 89 
1467 1417 7708 1517 6879 1466 89 1468 89 
1468 1418 5024 1518 1440 1467 89 1469 89 
1469 1419 5267 1519 1421 1468 89 1470 89 
1470 1420 9071 1520 8716 1469 89 1471 89 
1471 1421 74 1521 9342 1470 89 1472 89 
1472 1422 8492 1522 3953 1471 89 1473 89 
1473 1423 4410 1523 6831 1472 89 1474 89 
1474 1424 9779 1524 8331 1473 89 1475 89 
1475 1425 3884 1525 3366 1474 89 1476 89 
1476 1426 8060 1526 4470 1475 89 1477 89 
1477 1427 9225 1527 7833 1476 89 1478 89 
1478 1428 6033 1528 6644 1477 89 1479 89 
1479 1429 8744 1529 9816 1478 89 1480 89 
1480 1430 9653 1530 8710 1479 89 1481 89 
1481 1431 7516 1531 1540 1480 89 1482 89 
1482 1432 6921 1532 585 1481 89 1483 89 
1483 1433 1262 1533 6013 1482 89 1484 89 
1484 1434 5062 1534 4927 1483 89 1485 89 
1485 1435 8113 1535 5764 1484 89 1486 89 
1486 1436 9660 1536 6743 1485 89 1487 89 
1487 1437 6504 1537 8550 1486 89 1488 89 
1488 1438 1704 1538 5354 1487 89 1489 89 
1489 1439 1838 1539 3048 1488 89 1490 89 
1490 1440 7903 1540 8205 1489 89 1491 89 
1491 1441 2532 1541 3687 1490 89 1492 89 
1492 1442 1763 1542 9006 1491 89 1493 89 
1493 1443 8990 1543 1728 1492 89 1494 89 
1494 1444 9414 1544 5292 1493 89 1495 89 
1495 1445 1288 1545 2577 1494 89 1496 89 
1496 1446 9503 1546 311 1495 89 1497 89 
1497 1447 6926 1547 8657 1496 89 1498 89 
1498 1448 5347 1548 9456 1497 89 1499 89 
1499 1449 878 1549 1750 1498 89 
1500 1450 8545 1550 6430 1501 89 
1501 1451 4418 1551 4523 1500 89 1502 89 
1502 1452 952 1552 7443 1501 89 1503 89 
1503 1453 3388 1553 6734 1502 89 1504 89 
1504 1454 5179 1554 7705 1503 89 1505 89 
1505 1455 730 1555 2125 1504 89 1506 89 
1506 1456 7272 1556 99 1505 89 1507 89 
1507 1457 3239 1557 2174 1506 89 1508 89 
1508 1458 9954 1558 9957 1507 89 1509 89 
1509 1459 9656 1559 3094 1508 89 1510 89 
1510 1460 1982 1560 8342 1509 89 1511 89 
1511 1461 5959 1561 5019 1510 89 1512 89 
1512 1462 7171 1562 4633 1511 89 1513 89 
1513 1463 5254 1563 8926 1512 89 1514 89 
1514 1464 7220 1564 1031 1513 89 1515 89 
1515 1465 8584 1565 5912 1514 89 1516 89 
1516 1466 3366 1566 1041 1515 89 1517 89 
1517 1467 6879 1567 4125 1516 89 1518 89 
1518 1468 1440 1568 4461 1517 89 1519 89 
1519 1469 1421 1569 2746 1518 89 1520 89 
1520 1470 8716 1570 7173 1519 89 1521 89 
1521 1471 9342 1571 2666 1520 89 1522 89 
1522 1472 3953 1572 6432 1521 89 1523 89 
1523 1473 6831 1573 6178 1522 89 1524 89 
1524 1474 8331 1574 745 1523 89 1525 89 
1525 1475 3366 1575 1723 1524 89 1526 89 
1526 1476 4470 1576 8755 1525 89 1527 89 
1527 1477 7833 1577 1055 1526 89 1528 89 
1528 1478 6644 1578 6732 1527 89 1529 89 
1529 1479 9816 1579 4562 1528 89 1530 89 
1530 1480 8710 1580 9157 1529 89 1531 89 
1531 1481 1540 1581 9513 1530 89 1532 89 
1532 1482 585 1582 5436 1531 89 1533 89 
1533 1483 6013 1583 2951 1532 89 1534 89 
1534 1484 4927 1584 6246 1533 89 1535 89 
1535 1485 5764 1585 3141 1534 89 1536 89 
1536 1486 6743 1586 5076 1535 89 1537 89 
1537 1487 8550 1587 2696 1536 89 1538 89 
1538 1488 5354 1588 5314 1537 89 1539 89 
1539 1489 3048 1589 1384 1538 89 1540 89 
1540 1490 8205 1590 5790 1539 89 1541 89 
1541 1491 3687 1591 3655 1540 89 1542 89 
1542 1492 9006 1592 6402 1541 89 1543 89 
1543 1493 1728 1593 6774 1542 89 1544 89 
1544 1494 5292 1594 8933 1543 89 1545 89 
1545 1495 2577 1595 3785 1544 89 1546 89 
1546 1496 311 1596 2685 1545 89 1547 89 
1547 1497 8657 1597 9973 1546 89 1548 89 
1548 1498 9456 1598 7909 1547 89 1549 89 
1549 1499 1750 1599 7146 1548 89 
1550 1500 6430 1600 2719 1551 89 
1551 1501 4523 1601 1433 1550 89 1552 89 
1552 1502 7443 1602 6163 1551 89 1553 89 
1553 1503 6734 1603 5502 1552 89 1554 89 
1554 1504 7705 1604 3963 1553 89 1555 89 
1555 1505 2125 1605 3259 1554 89 1556 89 
1556 1506 99 1606 3577 1555 89 1557 89 
1557 1507 2174 1607 9069 1556 89 1558 89 
1558 1508 9957 1608 665 1557 89 1559 89 
1559 1509 3094 1609 308 1558 89 1560 89 
1560 1510 8342 1610 3630 1559 89 1561 89 
1561 1511 5019 1611 9821 1560 89 1562 89 
1562 1512 4633 1612 9820 1561 89 1563 89 
1563 1513 8926 1613 9065 1562 89 1564 89 
1564 1514 1031 1614 2772 1563 89 1565 89 
1565 1515 5912 1615 6065 1564 89 1566 89 
1566 1516 1041 1616 8557 1565 89 1567 89 
1567 1517 4125 1617 4199 1566 89 1568 89 
1568 1518 4461 1618 8760 1567 89 1569 89 
1569 1519 2746 1619 3871 1568 89 1570 89 
1570 1520 7173 1620 5582 1569 89 1571 89 
1571 1521 2666 1621 901 1570 89 1572 89 
1572 1522 6432 1622 3877 1571 89 1573 89 
1573 1523 6178 1623 8336 1572 89 1574 89 
1574 1524 745 1624 7675 1573 89 1575 89 
1575 1525 1723 1625 2809 1574 89 1576 89 
1576 1526 8755 1626 8472 1575 89 1577 89 
1577 1527 1055 1627 6711 1576 89 1578 89 
1578 1528 6732 1628 9134 1577 89 1579 89 
1579 1529 4562 1629 2732 1578 89 1580 89 
1580 1530 9157 1630 208 1579 89 1581 89 
1581 1531 9513 1631 1852 1580 89 1582 89 
1582 1532 5436 1632 4165 1581 89 1583 89 
1583 1533 2951 1633 2722 1582 89 1584 89 
1584 1534 6246 1634 3705 1583 89 1585 89 
1585 1535 3141 1635 8127 1584 89 1586 89 
1586 1536 5076 1636 5980 1585 89 1587 89 
1587 1537 2696 1637 7281 1586 89 1588 89 
1588 1538 5314 1638 7195 1587 89 1589 89 
1589 1539 1384 1639 6645 1588 89 1590 89 
1590 1540 5790 1640 3940 1589 89 1591 89 
1591 1541 3655 1641 7176 1590 89 1592 89 
1592 1542 6402 1642 2817 1591 89 1593 89 
1593 1543 6774 1643 111 1592 89 1594 89 
1594 1544 8933 1644 2592 1593 89 1595 89 
1595 1545 3785 1645 1940 1594 89 1596 89 
1596 1546 2685 1646 2527 1595 89 1597 89 
1597 1547 9973 1647 1149 1596 89 1598 89 
1598 1548 7909 1648 6138 1597 89 1599 89 
1599 1549 7146 1649 7639 1598 89 
1600 1550 2719 1650 5019 1601 89 
1601 1551 1433 1651 8072 1600 89 1602 89 
1602 1552 6163 1652 8539 1601 89 1603 89 
1603 1553 5502 1653 8895 1602 89 1604 89 
1604 1554 3963 1654 6407 1603 89 1605 89 
1605 1555 3259 1655 2565 1604 89 1606 89 
1606 1556 3577 1656 8056 1605 89 1607 89 
1607 1557 9069 1657 4878 1606 89 1608 89 
1608 1558 665 1658 9276 1607 89 1609 89 
1609 1559 308 1659 7189 1608 89 1610 89 
1610 1560 3630 1660 7609 1609 89 1611 89 
1611 1561 9821 1661 5835 1610 89 1612 89 
1612 1562 9820 1662 5392 1611 89 1613 89 
1613 1563 9065 1663 8125 1612 89 1614 89 
1614 1564 2772 1664 8557 1613 89 1615 89 
1615 1565 6065 1665 9096 1614 89 1616 89 
1616 1566 8557 1666 6251 1615 89 1617 89 
1617 1567 4199 1667 888 1616 89 1618 89 
1618 1568 8760 1668 6377 1617 89 1619 89 
1619 1569 3871 1669 9797 1618 89 1620 89 
1620 1570 5582 1670 7532 1619 89 1621 89 
1621 1571 901 1671 6668 1620 89 1622 89 
1622 1572 3877 1672 6972 1621 89 1623 89 
1623 1573 8336 1673 6701 1622 89 1624 89 
1624 1574 7675 1674 6779 1623 89 1625 89 
1625 1575 2809 1675 5916 1624 89 1626 89 
1626 1576 8472 1676 4992 1625 89 1627 89 
1627 1577 6711 1677 9305 1626 89 1628 89 
1628 1578 9134 1678 7064 1627 89 1629 89 
1629 1579 2732 1679 1130 1628 89 1630 89 
1630 1580 208 1680 6943 1629 89 1631 89 
1631 1581 1852 1681 8434 1630 89 1632 89 
1632 1582 4165 1682 5553 1631 89 1633 89 
1633 1583 2722 1683 5482 1632 89 1634 89 
1634 1584 3705 1684 7328 1633 89 1635 89 
1635 1585 8127 1685 1959 1634 89 1636 89 
1636 1586 5980 1686 4398 1635 89 1637 89 
1637 1587 7281 1687 1735 1636 89 1638 89 
1638 1588 7195 1688 3188 1637 89 1639 89 
1639 1589 6645 1689 25 1638 89 1640 89 
1640 1590 3940 1690 8923 1639 89 1641 89 
1641 1591 7176 1691 796 1640 89 1642 89 
1642 1592 2817 1692 5860 1641 89 1643 89 
1643 1593 111 1693 4314 1642 89 1644 89 
1644 1594 2592 1694 5273 1643 89 1645 89 
1645 1595 1940 1695 768 1644 89 1646 89 
1646 1596 2527 1696 3410 1645 89 1647 89 
1647 1597 1149 1697 1523 1646 89 1648 89 
1648 1598 6138 1698 1655 1647 89 1649 89 
1649 1599 7639 1699 6138 1648 89 
1650 1600 5019 1700 7672 1651 89 
1651 1601 8072 1701 9187 1650 89 1652 89 
1652 1602 8539 1702 2805 1651 89 1653 89 
1653 1603 8895 1703 995 1652 89 1654 89 
1654 1604 6407 1704 2239 1653 89 1655 89 
1655 1605 2565 1705 9583 1654 89 1656 89 
1656 1606 8056 1706 6910 1655 89 1657 89 
1657 1607 4878 1707 7230 1656 89 1658 89 
1658 1608 9276 1708 5240 1657 89 1659 89 
1659 1609 7189 1709 3973 1658 89 1660 89 
1660 1610 7609 1710 4711 1659 89 1661 89 
1661 1611 5835 1711 2182 1660 89 1662 89 
1662 1612 5392 1712 8758 1661 89 1663 89 
1663 1613 8125 1713 263 1662 89 1664 89 
1664 1614 8557 1714 4015 1663 89 1665 89 
1665 1615 9096 1715 2438 1664 89 1666 89 
1666 1616 6251 1716 8573 1665 89 1667 89 
1667 1617 888 1717 8413 1666 89 1668 89 
1668 1618 6377 1718 4172 1667 89 1669 89 
1669 1619 9797 1719 1760 1668 89 1670 89 
1670 1620 7532 1720 4789 1669 89 1671 89 
1671 1621 6668 1721 3095 1670 89 1672 89 
1672 1622 6972 1722 8908 1671 89 1673 89 
1673 1623 6701 1723 648 1672 89 1674 89 
1674 1624 6779 1724 3760 1673 89 1675 89 
1675 1625 5916 1725 4180 1674 89 1676 89 
1676 1626 4992 1726 1415 1675 89 1677 89 
1677 1627 9305 1727 3521 1676 89 1678 89 
1678 1628 7064 1728 2054 1677 89 1679 89 
1679 1629 1130 1729 3070 1678 89 1680 89 
1680 1630 6943 1730 9658 1679 89 1681 89 
1681 1631 8434 1731 9725 1680 89 1682 89 
1682 1632 5553 1732 8608 1681 89 1683 89 
1683 1633 5482 1733 8815 1682 89 1684 89 
1684 1634 7328 1734 7072 1683 89 1685 89 
1685 1635 1959 1735 7198 1684 89 1686 89 
1686 1636 4398 1736 4749 1685 89 1687 89 
1687 1637 1735 1737 3981 1686 89 1688 89 
1688 1638 3188 1738 4427 1687 89 1689 89 
1689 1639 25 1739 9988 1688 89 1690 89 
1690 1640 8923 1740 4306 1689 89 1691 89 
1691 1641 796 1741 9138 1690 89 1692 89 
1692 1642 5860 1742 2170 1691 89 1693 89 
1693 1643 4314 1743 3063 1692 89 1694 89 
1694 1644 5273 1744 5752 1693 89 1695 89 
1695 1645 768 1745 2536 1694 89 1696 89 
1696 1646 3410 1746 5500 1695 89 1697 89 
1697 1647 1523 1747 4325 1696 89 1698 89 
1698 1648 1655 1748 948 1697 89 1699 89 
1699 1649 6138 1749 6024 1698 89 
1700 1650 7672 1750 6084 1701 89 
1701 1651 9187 1751 5737 1700 89 1702 89 
1702 1652 2805 1752 9118 1701 89 1703 89 
1703 1653 995 1753 4991 1702 89 1704 89 
1704 1654 2239 1754 2736 1703 89 1705 89 
1705 1655 9583 1755 9229 1704 89 1706 89 
1706 1656 6910 1756 5522 1705 89 1707 89 
1707 1657 7230 1757 4151 1706 89 1708 89 
1708 1658 5240 1758 2750 1707 89 1709 89 
1709 1659 3973 1759 7576 1708 89 1710 89 
1710 1660 4711 1760 3572 1709 89 1711 89 
1711 1661 2182 1761 8759 1710 89 1712 89 
1712 1662 8758 1762 7300 1711 89 1713 89 
1713 1663 263 1763 2179 1712 89 1714 89 
1714 1664 4015 1764 7573 1713 89 1715 89 
1715 1665 2438 1765 4371 1714 89 1716 89 
1716 1666 8573 1766 5728 1715 89 1717 89 
1717 1667 8413 1767 8674 1716 89 1718 89 
1718 1668 4172 1768 4704 1717 89 1719 89 
1719 1669 1760 1769 154 1718 89 1720 89 
1720 1670 4789 1770 8661 1719 89 1721 89 
1721 1671 3095 1771 5361 1720 89 1722 89 
1722 1672 8908 1772 5643 1721 89 1723 89 
1723 1673 648 1773 7182 1722 89 1724 89 
1724 1674 3760 1774 4775 1723 89 1725 89 
1725 1675 4180 1775 7747 1724 89 1726 89 
1726 1676 1415 1776 9718 1725 89 1727 89 
1727 1677 3521 1777 6627 1726 89 1728 89 
1728 1678 2054 1778 2071 1727 89 1729 89 
1729 1679 3070 1779 7017 1728 89 1730 89 
1730 1680 9658 1780 2650 1729 89 1731 89 
1731 1681 9725 1781 4506 1730 89 1732 89 
1732 1682 8608 1782 2753 1731 89 1733 89 
1733 1683 8815 1783 1767 1732 89 1734 89 
1734 1684 7072 1784 5849 1733 89 1735 89 
1735 1685 7198 1785 1841 1734 89 1736 89 
1736 1686 4749 1786 7347 1735 89 1737 89 
1737 1687 3981 1787 1370 1736 89 1738 89 
1738 1688 4427 1788 5991 1737 89 1739 89 
1739 1689 9988 1789 96 1738 89 1740 89 
1740 1690 4306 1790 8945 1739 89 1741 89 
1741 1691 9138 1791 5914 1740 89 1742 89 
1742 1692 2170 1792 5207 1741 89 1743 89 
1743 1693 3063 1793 2597 1742 89 1744 89 
1744 1694 5752 1794 4444 1743 89 1745 89 
1745 1695 2536 1795 2779 1744 89 1746 89 
1746 1696 5500 1796 3319 1745 89 1747 89 
1747 1697 4325 1797 171 1746 89 1748 89 
1748 1698 948 1798 7804 1747 89 1749 89 
1749 1699 6024 1799 4374 1748 89 
1750 1700 6084 1800 324 1751 89 
1751 1701 5737 1801 6465 1750 89 1752 89 
1752 1702 9118 1802 9734 1751 89 1753 89 
1753 1703 4991 1803 2319 1752 89 1754 89 
1754 1704 2736 1804 3646 1753 89 1755 89 
1755 1705 9229 1805 4509 1754 89 1756 89 
1756 1706 5522 1806 65 1755 89 1757 89 
1757 1707 4151 1807 9715 1756 89 1758 89 
1758 1708 2750 1808 7487 1757 89 1759 89 
1759 1709 7576 1809 2135 1758 89 1760 89 
1760 1710 3572 1810 6732 1759 89 1761 89 
1761 1711 8759 1811 136 1760 89 1762 89 
1762 1712 7300 1812 2992 1761 89 1763 89 
1763 1713 2179 1813 9484 1762 89 1764 89 
1764 1714 7573 1814 8254 1763 89 1765 89 
1765 1715 4371 1815 8840 1764 89 1766 89 
1766 1716 5728 1816 7676 1765 89 1767 89 
1767 1717 8674 1817 5600 1766 89 1768 89 
1768 1718 4704 1818 6562 1767 89 1769 89 
1769 1719 154 1819 3666 1768 89 1770 89 
1770 1720 8661 1820 2048 1769 89 1771 89 
1771 1721 5361 1821 1858 1770 89 1772 89 
1772 1722 5643 1822 5931 1771 89 1773 89 
1773 1723 7182 1823 7254 1772 89 1774 89 
1774 1724 4775 1824 4454 1773 89 1775 89 
1775 1725 7747 1825 374 1774 89 1776 89 
1776 1726 9718 1826 6384 1775 89 1777 89 
1777 1727 6627 1827 4125 1776 89 1778 89 
1778 1728 2071 1828 544 1777 89 1779 89 
1779 1729 7017 1829 4188 1778 89 1780 89 
1780 1730 2650 1830 4850 1779 89 1781 89 
1781 1731 4506 1831 7220 1780 89 1782 89 
1782 1732 2753 1832 652 1781 89 1783 89 
1783 1733 1767 1833 4584 1782 89 1784 89 
1784 1734 5849 1834 9538 1783 89 1785 89 
1785 1735 1841 1835 649 1784 89 1786 89 
1786 1736 7347 1836 5444 1785 89 1787 89 
1787 1737 1370 1837 9602 1786 89 1788 89 
1788 1738 5991 1838 364 1787 89 1789 89 
1789 1739 96 1839 2930 1788 89 1790 89 
1790 1740 8945 1840 8088 1789 89 1791 89 
1791 1741 5914 1841 7095 1790 89 1792 89 
1792 1742 5207 1842 9417 1791 89 1793 89 
1793 1743 2597 1843 7431 1792 89 1794 89 
1794 1744 4444 1844 2930 1793 89 1795 89 
1795 1745 2779 1845 7670 1794 89 1796 89 
1796 1746 3319 1846 6271 1795 89 1797 89 
1797 1747 171 1847 606 1796 89 1798 89 
1798 1748 7804 1848 3269 1797 89 1799 89 
1799 1749 4374 1849 9184 1798 89 
1800 1750 324 1850 623 1801 89 
1801 1751 6465 1851 5316 1800 89 1802 89 
1802 1752 9734 1852 1041 1801 89 1803 89 
1803 1753 2319 1853 6554 1802 89 1804 89 
1804 1754 3646 1854 2569 1803 89 1805 89 
1805 1755 4509 1855 1847 1804 89 1806 89 
1806 1756 65 1856 3279 1805 89 1807 89 
1807 1757 9715 1857 8953 1806 89 1808 89 
1808 1758 7487 1858 5971 1807 89 1809 89 
1809 1759 2135 1859 3823 1808 89 1810 89 
1810 1760 6732 1860 3140 1809 89 1811 89 
1811 1761 136 1861 820 1810 89 1812 89 
1812 1762 2992 1862 1042 1811 89 1813 89 
1813 1763 9484 1863 143 1812 89 1814 89 
1814 1764 8254 1864 1755 1813 89 1815 89 
1815 1765 8840 1865 6931 1814 89 1816 89 
1816 1766 7676 1866 791 1815 89 1817 89 
1817 1767 5600 1867 3550 1816 89 1818 89 
1818 1768 6562 1868 6532 1817 89 1819 89 
1819 1769 3666 1869 7506 1818 89 1820 89 
1820 1770 2048 1870 2831 1819 89 1821 89 
1821 1771 1858 1871 971 1820 89 1822 89 
1822 1772 5931 1872 952 1821 89 1823 89 
1823 1773 7254 1873 2247 1822 89 1824 89 
1824 1774 4454 1874 8401 1823 89 1825 89 
1825 1775 374 1875 234 1824 89 1826 89 
1826 1776 6384 1876 9916 1825 89 1827 89 
1827 1777 4125 1877 1023 1826 89 1828 89 
1828 1778 544 1878 7191 1827 89 1829 89 
1829 1779 4188 1879 9537 1828 89 1830 89 
1830 1780 4850 1880 206 1829 89 1831 89 
1831 1781 7220 1881 7813 1830 89 1832 89 
1832 1782 652 1882 4852 1831 89 1833 89 
1833 1783 4584 1883 1247 1832 89 1834 89 
1834 1784 9538 1884 718 1833 89 1835 89 
1835 1785 649 1885 3773 1834 89 1836 89 
1836 1786 5444 1886 3093 1835 89 1837 89 
1837 1787 9602 1887 3997 1836 89 1838 89 
1838 1788 364 1888 2725 1837 89 1839 89 
1839 1789 2930 1889 5415 1838 89 1840 89 
1840 1790 8088 1890 4171 1839 89 1841 89 
1841 1791 7095 1891 2216 1840 89 1842 89 
1842 1792 9417 1892 2586 1841 89 1843 89 
1843 1793 7431 1893 1564 1842 89 1844 89 
1844 1794 2930 1894 2358 1843 89 1845 89 
1845 1795 7670 1895 693 1844 89 1846 89 
1846 1796 6271 1896 8494 1845 89 1847 89 
1847 1797 606 1897 9500 1846 89 1848 89 
1848 1798 3269 1898 594 1847 89 1849 89 
1849 1799 9184 1899 1377 1848 89 
1850 1800 623 1900 3358 1851 89 
1851 1801 5316 1901 3425 1850 89 1852 89 
1852 1802 1041 1902 2347 1851 89 1853 89 
1853 1803 6554 1903 661 1852 89 1854 89 
1854 1804 2569 1904 2023 1853 89 1855 89 
1855 1805 1847 1905 7099 1854 89 1856 89 
1856 1806 3279 1906 894 1855 89 1857 89 
1857 1807 8953 1907 8291 1856 89 1858 89 
1858 1808 5971 1908 8122 1857 89 1859 89 
1859 1809 3823 1909 8084 1858 89 1860 89 
1860 1810 3140 1910 7827 1859 89 1861 89 
1861 1811 820 1911 4679 1860 89 1862 89 
1862 1812 1042 1912 2249 1861 89 1863 89 
1863 1813 143 1913 9030 1862 89 1864 89 
1864 1814 1755 1914 5925 1863 89 1865 89 
1865 1815 6931 1915 9318 1864 89 1866 89 
1866 1816 791 1916 2802 1865 89 1867 89 
1867 1817 3550 1917 5369 1866 89 1868 89 
1868 1818 6532 1918 9666 1867 89 1869 89 
1869 1819 7506 1919 1878 1868 89 1870 89 
1870 1820 2831 1920 7135 1869 89 1871 89 
1871 1821 971 1921 3836 1870 89 1872 89 
1872 1822 952 1922 445 1871 89 1873 89 
1873 1823 2247 1923 9721 1872 89 1874 89 
1874 1824 8401 1924 5399 1873 89 1875 89 
1875 1825 234 1925 2802 1874 89 1876 89 
1876 1826 9916 1926 6765 1875 89 1877 89 
1877 1827 1023 1927 244 1876 89 1878 89 
1878 1828 7191 1928 8654 1877 89 1879 89 
1879 1829 9537 1929 7358 1878 89 1880 89 
1880 1830 206 1930 1620 1879 89 1881 89 
1881 1831 7813 1931 8363 1880 89 1882 89 
1882 1832 4852 1932 7134 1881 89 1883 89 
1883 1833 1247 1933 318 1882 89 1884 89 
1884 1834 718 1934 9023 1883 89 1885 89 
1885 1835 3773 1935 9157 1884 89 1886 89 
1886 1836 3093 1936 7417 1885 89 1887 89 
1887 1837 3997 1937 9917 1886 89 1888 89 
1888 1838 2725 1938 3799 1887 89 1889 89 
1889 1839 5415 1939 1890 1888 89 1890 89 
1890 1840 4171 1940 4352 1889 89 1891 89 
1891 1841 2216 1941 1625 1890 89 1892 89 
1892 1842 2586 1942 6568 1891 89 1893 89 
1893 1843 1564 1943 6600 1892 89 1894 89 
1894 1844 2358 1944 7006 1893 89 1895 89 
1895 1845 693 1945 8845 1894 89 1896 89 
1896 1846 8494 1946 2270 1895 89 1897 89 
1897 1847 9500 1947 9808 1896 89 1898 89 
1898 1848 594 1948 565 1897 89 1899 89 
1899 1849 1377 1949 1935 1898 89 
1900 1850 3358 1950 8037 1901 89 
1901 1851 3425 1951 7700 1900 89 1902 89 
1902 1852 2347 1952 5771 1901 89 1903 89 
1903 1853 661 1953 8482 1902 89 1904 89 
1904 1854 2023 1954 3772 1903 89 1905 89 
1905 1855 7099 1955 7521 1904 89 1906 89 
1906 1856 894 1956 7635 1905 89 1907 89 
1907 1857 8291 1957 536 1906 89 1908 89 
1908 1858 8122 1958 7765 1907 89 1909 89 
1909 1859 8084 1959 2640 1908 89 1910 89 
1910 1860 7827 1960 7893 1909 89 1911 89 
1911 1861 4679 1961 9384 1910 89 1912 89 
1912 1862 2249 1962 1002 1911 89 1913 89 
1913 1863 9030 1963 1379 1912 89 1914 89 
1914 1864 5925 1964 6054 1913 89 1915 89 
1915 1865 9318 1965 6377 1914 89 1916 89 
1916 1866 2802 1966 6887 1915 89 1917 89 
1917 1867 5369 1967 3470 1916 89 1918 89 
1918 1868 9666 1968 2645 1917 89 1919 89 
1919 1869 1878 1969 685 1918 89 1920 89 
1920 1870 7135 1970 1711 1919 89 1921 89 
1921 1871 3836 1971 6996 1920 89 1922 89 
1922 1872 445 1972 2309 1921 89 1923 89 
1923 1873 9721 1973 4630 1922 89 1924 89 
1924 1874 5399 1974 9948 1923 89 1925 89 
1925 1875 2802 1975 5666 1924 89 1926 89 
1926 1876 6765 1976 3474 1925 89 1927 89 
1927 1877 244 1977 2217 1926 89 1928 89 
1928 1878 8654 1978 5473 1927 89 1929 89 
1929 1879 7358 1979 4039 1928 89 1930 89 
1930 1880 1620 1980 4151 1929 89 1931 89 
1931 1881 8363 1981 3510 1930 89 1932 89 
1932 1882 7134 1982 8090 1931 89 1933 89 
1933 1883 318 1983 6273 1932 89 1934 89 
1934 1884 9023 1984 8343 1933 89 1935 89 
1935 1885 9157 1985 1861 1934 89 1936 89 
1936 1886 7417 1986 3794 1935 89 1937 89 
1937 1887 9917 1987 5977 1936 89 1938 89 
1938 1888 3799 1988 2396 1937 89 1939 89 
1939 1889 1890 1989 7910 1938 89 1940 89 
1940 1890 4352 1990 8617 1939 89 1941 89 
1941 1891 1625 1991 6640 1940 89 1942 89 
1942 1892 6568 1992 3645 1941 89 1943 89 
1943 1893 6600 1993 9618 1942 89 1944 89 
1944 1894 7006 1994 8018 1943 89 1945 89 
1945 1895 8845 1995 9698 1944 89 1946 89 
1946 1896 2270 1996 5994 1945 89 1947 89 
1947 1897 9808 1997 4904 1946 89 1948 89 
1948 1898 565 1998 9519 1947 89 1949 89 
1949 1899 1935 1999 4990 1948 89 
1950 1900 8037 2000 1940 1951 89 
1951 1901 7700 2001 1229 1950 89 1952 89 
1952 1902 5771 2002 1986 1951 89 1953 89 
1953 1903 8482 2003 600 1952 89 1954 89 
1954 1904 3772 2004 2211 1953 89 1955 89 
1955 1905 7521 2005 1933 1954 89 1956 89 
1956 1906 7635 2006 6266 1955 89 1957 89 
1957 1907 536 2007 5684 1956 89 1958 89 
1958 1908 7765 2008 501 1957 89 1959 89 
1959 1909 2640 2009 1738 1958 89 1960 89 
1960 1910 7893 2010 6074 1959 89 1961 89 
1961 1911 9384 2011 1003 1960 89 1962 89 
1962 1912 1002 2012 1599 1961 89 1963 89 
1963 1913 1379 2013 4163 1962 89 1964 89 
1964 1914 6054 2014 7276 1963 89 1965 89 
1965 1915 6377 2015 9941 1964 89 1966 89 
1966 1916 6887 2016 2375 1965 89 1967 89 
1967 1917 3470 2017 7421 1966 89 1968 89 
1968 1918 2645 2018 5918 1967 89 1969 89 
1969 1919 685 2019 1122 1968 89 1970 89 
1970 1920 1711 2020 1682 1969 89 1971 89 
1971 1921 6996 2021 886 1970 89 1972 89 
1972 1922 2309 2022 7762 1971 89 1973 89 
1973 1923 4630 2023 5326 1972 89 1974 89 
1974 1924 9948 2024 503 1973 89 1975 89 
1975 1925 5666 2025 2131 1974 89 1976 89 
1976 1926 3474 2026 1376 1975 89 1977 89 
1977 1927 2217 2027 2849 1976 89 1978 89 
1978 1928 5473 2028 3387 1977 89 1979 89 
1979 1929 4039 2029 894 1978 89 1980 89 
1980 1930 4151 2030 7838 1979 89 1981 89 
1981 1931 3510 2031 5326 1980 89 1982 89 
1982 1932 8090 2032 8475 1981 89 1983 89 
1983 1933 6273 2033 6175 1982 89 1984 89 
1984 1934 8343 2034 5926 1983 89 1985 89 
1985 1935 1861 2035 685 1984 89 1986 89 
1986 1936 3794 2036 4459 1985 89 1987 89 
1987 1937 5977 2037 2191 1986 89 1988 89 
1988 1938 2396 2038 2720 1987 89 1989 89 
1989 1939 7910 2039 4959 1988 89 1990 89 
1990 1940 8617 2040 280 1989 89 1991 89 
1991 1941 6640 2041 5146 1990 89 1992 89 
1992 1942 3645 2042 5962 1991 89 1993 89 
1993 1943 9618 2043 1879 1992 89 1994 89 
1994 1944 8018 2044 5660 1993 89 1995 89 
1995 1945 9698 2045 9589 1994 89 1996 89 
1996 1946 5994 2046 8171 1995 89 1997 89 
1997 1947 4904 2047 8035 1996 89 1998 89 
1998 1948 9519 2048 7009 1997 89 1999 89 
1999 1949 4990 2049 440 1998 89 
2000 1950 1940 2050 9156 2001 89 
2001 1951 1229 2051 8690 2000 89 2002 89 
2002 1952 1986 2052 1325 2001 89 2003 89 
2003 1953 600 2053 3269 2002 89 2004 89 
2004 1954 2211 2054 367 2003 89 2005 89 
2005 1955 1933 2055 8180 2004 89 2006 89 
2006 1956 6266 2056 1752 2005 89 2007 89 
2007 1957 5684 2057 1742 2006 89 2008 89 
2008 1958 501 2058 1028 2007 89 2009 89 
2009 1959 1738 2059 5138 2008 89 2010 89 
2010 1960 6074 2060 8988 2009 89 2011 89 
2011 1961 1003 2061 5217 2010 89 2012 89 
2012 1962 1599 2062 6815 2011 89 2013 89 
2013 1963 4163 2063 3814 2012 89 2014 89 
2014 1964 7276 2064 7744 2013 89 2015 89 
2015 1965 9941 2065 2740 2014 89 2016 89 
2016 1966 2375 2066 850 2015 89 2017 89 
2017 1967 7421 2067 2202 2016 89 2018 89 
2018 1968 5918 2068 1282 2017 89 2019 89 
2019 1969 1122 2069 3569 2018 89 2020 89 
2020 1970 1682 2070 3513 2019 89 2021 89 
2021 1971 886 2071 1562 2020 89 2022 89 
2022 1972 7762 2072 5066 2021 89 2023 89 
2023 1973 5326 2073 5826 2022 89 2024 89 
2024 1974 503 2074 9792 2023 89 2025 89 
2025 1975 2131 2075 726 2024 89 2026 89 
2026 1976 1376 2076 5414 2025 89 2027 89 
2027 1977 2849 2077 4314 2026 89 2028 89 
2028 1978 3387 2078 5112 2027 89 2029 89 
2029 1979 894 2079 8774 2028 89 2030 89 
2030 1980 7838 2080 4754 2029 89 2031 89 
2031 1981 5326 2081 4267 2030 89 2032 89 
2032 1982 8475 2082 3815 2031 89 2033 89 
2033 1983 6175 2083 6078 2032 89 2034 89 
2034 1984 5926 2084 3888 2033 89 2035 89 
2035 1985 685 2085 4181 2034 89 2036 89 
2036 1986 4459 2086 4257 2035 89 2037 89 
2037 1987 2191 2087 5639 2036 89 2038 89 
2038 1988 2720 2088 5923 2037 89 2039 89 
2039 1989 4959 2089 1636 2038 89 2040 89 
2040 1990 280 2090 776 2039 89 2041 89 
2041 1991 5146 2091 1262 2040 89 2042 89 
2042 1992 5962 2092 3205 2041 89 2043 89 
2043 1993 1879 2093 3942 2042 89 2044 89 
2044 1994 5660 2094 5075 2043 89 2045 89 
2045 1995 9589 2095 948 2044 89 2046 89 
2046 1996 8171 2096 6682 2045 89 2047 89 
2047 1997 8035 2097 5924 2046 89 2048 89 
2048 1998 7009 2098 9501 2047 89 2049 89 
2049 1999 440 2099 4315 2048 89 
2050 2000 9156 2100 5844 2051 89 
2051 2001 8690 2101 3013 2050 89 2052 89 
2052 2002 1325 2102 2228 2051 89 2053 89 
2053 2003 3269 2103 910 2052 89 2054 89 
2054 2004 367 2104 8838 2053 89 2055 89 
2055 2005 8180 2105 2019 2054 89 2056 89 
2056 2006 1752 2106 1635 2055 89 2057 89 
2057 2007 1742 2107 603 2056 89 2058 89 
2058 2008 1028 2108 6333 2057 89 2059 89 
2059 2009 5138 2109 6746 2058 89 2060 89 
2060 2010 8988 2110 9376 2059 89 2061 89 
2061 2011 5217 2111 7438 2060 89 2062 89 
2062 2012 6815 2112 7364 2061 89 2063 89 
2063 2013 3814 2113 3190 2062 89 2064 89 
2064 2014 7744 2114 3515 2063 89 2065 89 
2065 2015 2740 2115 1251 2064 89 2066 89 
2066 2016 850 2116 7371 2065 89 2067 89 
2067 2017 2202 2117 4124 2066 89 2068 89 
2068 2018 1282 2118 6889 2067 89 2069 89 
2069 2019 3569 2119 9645 2068 89 2070 89 
2070 2020 3513 2120 2111 2069 89 2071 89 
2071 2021 1562 2121 4016 2070 89 2072 89 
2072 2022 5066 2122 7258 2071 89 2073 89 
2073 2023 5826 2123 5315 2072 89 2074 89 
2074 2024 9792 2124 7958 2073 89 2075 89 
2075 2025 726 2125 2332 2074 89 2076 89 
2076 2026 5414 2126 6262 2075 89 2077 89 
2077 2027 4314 2127 991 2076 89 2078 89 
2078 2028 5112 2128 4607 2077 89 2079 89 
2079 2029 8774 2129 5763 2078 89 2080 89 
2080 2030 4754 2130 5305 2079 89 2081 89 
2081 2031 4267 2131 450 2080 89 2082 89 
2082 2032 3815 2132 5127 2081 89 2083 89 
2083 2033 6078 2133 3885 2082 89 2084 89 
2084 2034 3888 2134 1359 2083 89 2085 89 
2085 2035 4181 2135 3965 2084 89 2086 89 
2086 2036 4257 2136 5903 2085 89 2087 89 
2087 2037 5639 2137 9345 2086 89 2088 89 
2088 2038 5923 2138 4567 2087 89 2089 89 
2089 2039 1636 2139 8587 2088 89 2090 89 
2090 2040 776 2140 6090 2089 89 2091 89 
2091 2041 1262 2141 295 2090 89 2092 89 
2092 2042 3205 2142 6024 2091 89 2093 89 
2093 2043 3942 2143 9806 2092 89 2094 89 
2094 2044 5075 2144 3484 2093 89 2095 89 
2095 2045 948 2145 5891 2094 89 2096 89 
2096 2046 6682 2146 1056 2095 89 2097 89 
2097 2047 5924 2147 7206 2096 89 2098 89 
2098 2048 9501 2148 6366 2097 89 2099 89 
2099 2049 4315 2149 4297 2098 89 
2100 2050 5844 2150 3202 2101 89 
2101 2051 3013 2151 8476 2100 89 2102 89 
2102 2052 2228 2152 4664 2101 89 2103 89 
2103 2053 910 2153 459 2102 89 2104 89 
2104 2054 8838 2154 3791 2103 89 2105 89 
2105 2055 2019 2155 8973 2104 89 2106 89 
2106 2056 1635 2156 2790 2105 89 2107 89 
2107 2057 603 2157 6404 2106 89 2108 89 
2108 2058 6333 2158 6315 2107 89 2109 89 
2109 2059 6746 2159 7396 2108 89 2110 89 
2110 2060 9376 2160 8518 2109 89 2111 89 
2111 2061 7438 2161 7972 2110 89 2112 89 
2112 2062 7364 2162 4198 2111 89 2113 89 
2113 2063 3190 2163 3645 2112 89 2114 89 
2114 2064 3515 2164 1856 2113 89 2115 89 
2115 2065 1251 2165 5556 2114 89 2116 89 
2116 2066 7371 2166 3961 2115 89 2117 89 
2117 2067 4124 2167 7758 2116 89 2118 89 
2118 2068 6889 2168 4901 2117 89 2119 89 
2119 2069 9645 2169 4879 2118 89 2120 89 
2120 2070 2111 2170 2697 2119 89 2121 89 
2121 2071 4016 2171 7342 2120 89 2122 89 
2122 2072 7258 2172 5173 2121 89 2123 89 
2123 2073 5315 2173 5072 2122 89 2124 89 
2124 2074 7958 2174 3499 2123 89 2125 89 
2125 2075 2332 2175 5009 2124 89 2126 89 
2126 2076 6262 2176 7314 2125 89 2127 89 
2127 2077 991 2177 4555 2126 89 2128 89 
2128 2078 4607 2178 8566 2127 89 2129 89 
2129 2079 5763 2179 3679 2128 89 2130 89 
2130 2080 5305 2180 5203 2129 89 2131 89 
2131 2081 450 2181 1768 2130 89 2132 89 
2132 2082 5127 2182 2155 2131 89 2133 89 
2133 2083 3885 2183 6218 2132 89 2134 89 
2134 2084 1359 2184 2226 2133 89 2135 89 
2135 2085 3965 2185 2297 2134 89 2136 89 
2136 2086 5903 2186 5191 2135 89 2137 89 
2137 2087 9345 2187 1368 2136 89 2138 89 
2138 2088 4567 2188 8700 2137 89 2139 89 
2139 2089 8587 2189 1505 2138 89 2140 89 
2140 2090 6090 2190 5115 2139 89 2141 89 
2141 2091 295 2191 7218 2140 89 2142 89 
2142 2092 6024 2192 9476 2141 89 2143 89 
2143 2093 9806 2193 5664 2142 89 2144 89 
2144 2094 3484 2194 7214 2143 89 2145 89 
2145 2095 5891 2195 7683 2144 89 2146 89 
2146 2096 1056 2196 1220 2145 89 2147 89 
2147 2097 7206 2197 1174 2146 89 2148 89 
2148 2098 6366 2198 1793 2147 89 2149 89 
2149 2099 4297 2199 2472 2148 89 
2150 2100 3202 2200 6052 2151 89 
2151 2101 8476 2201 4489 2150 89 2152 89 
2152 2102 4664 2202 6165 2151 89 2153 89 
2153 2103 459 2203 7577 2152 89 2154 89 
2154 2104 3791 2204 5912 2153 89 2155 89 
2155 2105 8973 2205 9664 2154 89 2156 89 
2156 2106 2790 2206 2585 2155 89 2157 89 
2157 2107 6404 2207 3226 2156 89 2158 89 
2158 2108 6315 2208 570 2157 89 2159 89 
2159 2109 7396 2209 1150 2158 89 2160 89 
2160 2110 8518 2210 6904 2159 89 2161 89 
2161 2111 7972 2211 5772 2160 89 2162 89 
2162 2112 4198 2212 9269 2161 89 2163 89 
2163 2113 3645 2213 5410 2162 89 2164 89 
2164 2114 1856 2214 8341 2163 89 2165 89 
2165 2115 5556 2215 7847 2164 89 2166 89 
2166 2116 3961 2216 7706 2165 89 2167 89 
2167 2117 7758 2217 9883 2166 89 2168 89 
2168 2118 4901 2218 5566 2167 89 2169 89 
2169 2119 4879 2219 2758 2168 89 2170 89 
2170 2120 2697 2220 1388 2169 89 2171 89 
2171 2121 7342 2221 7032 2170 89 2172 89 
2172 2122 5173 2222 6327 2171 89 2173 89 
2173 2123 5072 2223 7215 2172 89 2174 89 
2174 2124 3499 2224 2696 2173 89 2175 89 
2175 2125 5009 2225 3540 2174 89 2176 89 
2176 2126 7314 2226 1250 2175 89 2177 89 
2177 2127 4555 2227 267 2176 89 2178 89 
2178 2128 8566 2228 4713 2177 89 2179 89 
2179 2129 3679 2229 3042 2178 89 2180 89 
2180 2130 5203 2230 2738 2179 89 2181 89 
2181 2131 1768 2231 7116 2180 89 2182 89 
2182 2132 2155 2232 7530 2181 89 2183 89 
2183 2133 6218 2233 8902 2182 89 2184 89 
2184 2134 2226 2234 4692 2183 89 2185 89 
2185 2135 2297 2235 9793 2184 89 2186 89 
2186 2136 5191 2236 4917 2185 89 2187 89 
2187 2137 1368 2237 3628 2186 89 2188 89 
2188 2138 8700 2238 3018 2187 89 2189 89 
2189 2139 1505 2239 5486 2188 89 2190 89 
2190 2140 5115 2240 4778 2189 89 2191 89 
2191 2141 7218 2241 6274 2190 89 2192 89 
2192 2142 9476 2242 7609 2191 89 2193 89 
2193 2143 5664 2243 398 2192 89 2194 89 
2194 2144 7214 2244 8035 2193 89 2195 89 
2195 2145 7683 2245 5950 2194 89 2196 89 
2196 2146 1220 2246 8244 2195 89 2197 89 
2197 2147 1174 2247 5741 2196 89 2198 89 
2198 2148 1793 2248 5832 2197 89 2199 89 
2199 2149 2472 2249 3809 2198 89 
2200 2150 6052 2250 4850 2201 89 
2201 2151 4489 2251 3571 2200 89 2202 89 
2202 2152 6165 2252 7193 2201 89 2203 89 
2203 2153 7577 2253 1176 2202 89 2204 89 
2204 2154 5912 2254 7138 2203 89 2205 89 
2205 2155 9664 2255 9888 2204 89 2206 89 
2206 2156 2585 2256 1067 2205 89 2207 89 
2207 2157 3226 2257 8387 2206 89 2208 89 
2208 2158 570 2258 154 2207 89 2209 89 
2209 2159 1150 2259 5779 2208 89 2210 89 
2210 2160 6904 2260 1428 2209 89 2211 89 
2211 2161 5772 2261 2891 2210 89 2212 89 
2212 2162 9269 2262 9246 2211 89 2213 89 
2213 2163 5410 2263 5309 2212 89 2214 89 
2214 2164 8341 2264 8144 2213 89 2215 89 
2215 2165 7847 2265 3938 2214 89 2216 89 
2216 2166 7706 2266 1453 2215 89 2217 89 
2217 2167 9883 2267 9413 2216 89 2218 89 
2218 2168 5566 2268 7565 2217 89 2219 89 
2219 2169 2758 2269 4471 2218 89 2220 89 
2220 2170 1388 2270 4898 2219 89 2221 89 
2221 2171 7032 2271 8694 2220 89 2222 89 
2222 2172 6327 2272 7096 2221 89 2223 89 
2223 2173 7215 2273 8859 2222 89 2224 89 
2224 2174 2696 2274 5444 2223 89 2225 89 
2225 2175 3540 2275 5130 2224 89 2226 89 
2226 2176 1250 2276 1160 2225 89 2227 89 
2227 2177 267 2277 3687 2226 89 2228 89 
2228 2178 4713 2278 7222 2227 89 2229 89 
2229 2179 3042 2279 3343 2228 89 2230 89 
2230 2180 2738 2280 3848 2229 89 2231 89 
2231 2181 7116 2281 2071 2230 89 2232 89 
2232 2182 7530 2282 6914 2231 89 2233 89 
2233 2183 8902 2283 1040 2232 89 2234 89 
2234 2184 4692 2284 9598 2233 89 2235 89 
2235 2185 9793 2285 403 2234 89 2236 89 
2236 2186 4917 2286 7279 2235 89 2237 89 
2237 2187 3628 2287 664 2236 89 2238 89 
2238 2188 3018 2288 5141 2237 89 2239 89 
2239 2189 5486 2289 7432 2238 89 2240 89 
2240 2190 4778 2290 2794 2239 89 2241 89 
2241 2191 6274 2291 2920 2240 89 2242 89 
2242 2192 7609 2292 6674 2241 89 2243 89 
2243 2193 398 2293 2040 2242 89 2244 89 
2244 2194 8035 2294 4580 2243 89 2245 89 
2245 2195 5950 2295 1169 2244 89 2246 89 
2246 2196 8244 2296 2329 2245 89 2247 89 
2247 2197 5741 2297 6032 2246 89 2248 89 
2248 2198 5832 2298 581 2247 89 2249 89 
2249 2199 3809 2299 6245 2248 89 
2250 2200 4850 2300 6854 2251 89 
2251 2201 3571 2301 1831 2250 89 2252 89 
2252 2202 7193 2302 1291 2251 89 2253 89 
2253 2203 1176 2303 3949 2252 89 2254 89 
2254 2204 7138 2304 689 2253 89 2255 89 
2255 2205 9888 2305 6734 2254 89 2256 89 
2256 2206 1067 2306 9079 2255 89 2257 89 
2257 2207 8387 2307 1848 2256 89 2258 89 
2258 2208 154 2308 420 2257 89 2259 89 
2259 2209 5779 2309 6300 2258 89 2260 89 
2260 2210 1428 2310 5190 2259 89 2261 89 
2261 2211 2891 2311 619 2260 89 2262 89 
2262 2212 9246 2312 4723 2261 89 2263 89 
2263 2213 5309 2313 8455 2262 89 2264 89 
2264 2214 8144 2314 8010 2263 89 2265 89 
2265 2215 3938 2315 672 2264 89 2266 89 
2266 2216 1453 2316 5209 2265 89 2267 89 
2267 2217 9413 2317 5288 2266 89 2268 89 
2268 2218 7565 2318 1336 2267 89 2269 89 
2269 2219 4471 2319 349 2268 89 2270 89 
2270 2220 4898 2320 2719 2269 89 2271 89 
2271 2221 8694 2321 481 2270 89 2272 89 
2272 2222 7096 2322 9620 2271 89 2273 89 
2273 2223 8859 2323 5744 2272 89 2274 89 
2274 2224 5444 2324 2520 2273 89 2275 89 
2275 2225 5130 2325 4199 2274 89 2276 89 
2276 2226 1160 2326 6913 2275 89 2277 89 
2277 2227 3687 2327 1200 2276 89 2278 89 
2278 2228 7222 2328 6583 2277 89 2279 89 
2279 2229 3343 2329 7493 2278 89 2280 89 
2280 2230 3848 2330 7445 2279 89 2281 89 
2281 2231 2071 2331 3436 2280 89 2282 89 
2282 2232 6914 2332 9323 2281 89 2283 89 
2283 2233 1040 2333 8735 2282 89 2284 89 
2284 2234 9598 2334 7385 2283 89 2285 89 
2285 2235 403 2335 6363 2284 89 2286 89 
2286 2236 7279 2336 5468 2285 89 2287 89 
2287 2237 664 2337 2815 2286 89 2288 89 
2288 2238 5141 2338 4562 2287 89 2289 89 
2289 2239 7432 2339 2239 2288 89 2290 89 
2290 2240 2794 2340 5466 2289 89 2291 89 
2291 2241 2920 2341 9752 2290 89 2292 89 
2292 2242 6674 2342 9210 2291 89 2293 89 
2293 2243 2040 2343 188 2292 89 2294 89 
2294 2244 4580 2344 4558 2293 89 2295 89 
2295 2245 1169 2345 7219 2294 89 2296 89 
2296 2246 2329 2346 860 2295 89 2297 89 
2297 2247 6032 2347 6119 2296 89 2298 89 
2298 2248 581 2348 8859 2297 89 2299 89 
2299 2249 6245 2349 8547 2298 89 
2300 2250 6854 2350 2819 2301 89 
2301 2251 1831 2351 1577 2300 89 2302 89 
2302 2252 1291 2352 9027 2301 89 2303 89 
2303 2253 3949 2353 2439 2302 89 2304 89 
2304 2254 689 2354 3673 2303 89 2305 89 
2305 2255 6734 2355 7899 2304 89 2306 89 
2306 2256 9079 2356 2989 2305 89 2307 89 
2307 2257 1848 2357 585 2306 89 2308 89 
2308 2258 420 2358 9098 2307 89 2309 89 
2309 2259 6300 2359 9571 2308 89 2310 89 
2310 2260 5190 2360 4429 2309 89 2311 89 
2311 2261 619 2361 2894 2310 89 2312 89 
2312 2262 4723 2362 9359 2311 89 2313 89 
2313 2263 8455 2363 104 2312 89 2314 89 
2314 2264 8010 2364 1628 2313 89 2315 89 
2315 2265 672 2365 6743 2314 89 2316 89 
2316 2266 5209 2366 6466 2315 89 2317 89 
2317 2267 5288 2367 3447 2316 89 2318 89 
2318 2268 1336 2368 5909 2317 89 2319 89 
2319 2269 349 2369 1028 2318 89 2320 89 
2320 2270 2719 2370 2038 2319 89 2321 89 
2321 2271 481 2371 1374 2320 89 2322 89 
2322 2272 9620 2372 7131 2321 89 2323 89 
2323 2273 5744 2373 7599 2322 89 2324 89 
2324 2274 2520 2374 1562 2323 89 2325 89 
2325 2275 4199 2375 8040 2324 89 2326 89 
2326 2276 6913 2376 4817 2325 89 2327 89 
2327 2277 1200 2377 8773 2326 89 2328 89 
2328 2278 6583 2378 4158 2327 89 2329 89 
2329 2279 7493 2379 27 2328 89 2330 89 
2330 2280 7445 2380 3671 2329 89 2331 89 
2331 2281 3436 2381 6977 2330 89 2332 89 
2332 2282 9323 2382 7956 2331 89 2333 89 
2333 2283 8735 2383 2697 2332 89 2334 89 
2334 2284 7385 2384 5767 2333 89 2335 89 
2335 2285 6363 2385 1628 2334 89 2336 89 
2336 2286 5468 2386 595 2335 89 2337 89 
2337 2287 2815 2387 5107 2336 89 2338 89 
2338 2288 4562 2388 2212 2337 89 2339 89 
2339 2289 2239 2389 6045 2338 89 2340 89 
2340 2290 5466 2390 4678 2339 89 2341 89 
2341 2291 9752 2391 2992 2340 89 2342 89 
2342 2292 9210 2392 8938 2341 89 2343 89 
2343 2293 188 2393 388 2342 89 2344 89 
2344 2294 4558 2394 3095 2343 89 2345 89 
2345 2295 7219 2395 6918 2344 89 2346 89 
2346 2296 860 2396 3482 2345 89 2347 89 
2347 2297 6119 2397 9561 2346 89 2348 89 
2348 2298 8859 2398 6716 2347 89 2349 89 
2349 2299 8547 2399 9390 2348 89 
2350 2300 2819 2400 6940 2351 89 
2351 2301 1577 2401 5105 2350 89 2352 89 
2352 2302 9027 2402 763 2351 89 2353 89 
2353 2303 2439 2403 422 2352 89 2354 89 
2354 2304 3673 2404 2703 2353 89 2355 89 
2355 2305 7899 2405 8676 2354 89 2356 89 
2356 2306 2989 2406 8461 2355 89 2357 89 
2357 2307 585 2407 3872 2356 89 2358 89 
2358 2308 9098 2408 3800 2357 89 2359 89 
2359 2309 9571 2409 8971 2358 89 2360 89 
2360 2310 4429 2410 3898 2359 89 2361 89 
2361 2311 2894 2411 7470 2360 89 2362 89 
2362 2312 9359 2412 2299 2361 89 2363 89 
2363 2313 104 2413 1853 2362 89 2364 89 
2364 2314 1628 2414 167 2363 89 2365 89 
2365 2315 6743 2415 8065 2364 89 2366 89 
2366 2316 6466 2416 3480 2365 89 2367 89 
2367 2317 3447 2417 7113 2366 89 2368 89 
2368 2318 5909 2418 9523 2367 89 2369 89 
2369 2319 1028 2419 2043 2368 89 2370 89 
2370 2320 2038 2420 9509 2369 89 2371 89 
2371 2321 1374 2421 552 2370 89 2372 89 
2372 2322 7131 2422 5035 2371 89 2373 89 
2373 2323 7599 2423 8447 2372 89 2374 89 
2374 2324 1562 2424 939 2373 89 2375 89 
2375 2325 8040 2425 4481 2374 89 2376 89 
2376 2326 4817 2426 1716 2375 89 2377 89 
2377 2327 8773 2427 4420 2376 89 2378 89 
2378 2328 4158 2428 4041 2377 89 2379 89 
2379 2329 27 2429 4783 2378 89 2380 89 
2380 2330 3671 2430 3809 2379 89 2381 89 
2381 2331 6977 2431 7332 2380 89 2382 89 
2382 2332 7956 2432 9888 2381 89 2383 89 
2383 2333 2697 2433 924 2382 89 2384 89 
2384 2334 5767 2434 7753 2383 89 2385 89 
2385 2335 1628 2435 2590 2384 89 2386 89 
2386 2336 595 2436 9599 2385 89 2387 89 
2387 2337 5107 2437 2566 2386 89 2388 89 
2388 2338 2212 2438 6461 2387 89 2389 89 
2389 2339 6045 2439 3399 2388 89 2390 89 
2390 2340 4678 2440 7888 2389 89 2391 89 
2391 2341 2992 2441 6711 2390 89 2392 89 
2392 2342 8938 2442 7220 2391 89 2393 89 
2393 2343 388 2443 186 2392 89 2394 89 
2394 2344 3095 2444 4915 2393 89 2395 89 
2395 2345 6918 2445 7386 2394 89 2396 89 
2396 2346 3482 2446 4602 2395 89 2397 89 
2397 2347 9561 2447 8395 2396 89 2398 89 
2398 2348 6716 2448 851 2397 89 2399 89 
2399 2349 9390 2449 4124 2398 89 
2400 2350 6940 2450 6789 2401 89 
2401 2351 5105 2451 359 2400 89 2402 89 
2402 2352 763 2452 4676 2401 89 2403 89 
2403 2353 422 2453 8175 2402 89 2404 89 
2404 2354 2703 2454 5157 2403 89 2405 89 
2405 2355 8676 2455 1966 2404 89 2406 89 
2406 2356 8461 2456 2656 2405 89 2407 89 
2407 2357 3872 2457 6872 2406 89 2408 89 
2408 2358 3800 2458 6386 2407 89 2409 89 
2409 2359 8971 2459 3048 2408 89 2410 89 
2410 2360 3898 2460 1655 2409 89 2411 89 
2411 2361 7470 2461 6546 2410 89 2412 89 
2412 2362 2299 2462 380 2411 89 2413 89 
2413 2363 1853 2463 7894 2412 89 2414 89 
2414 2364 167 2464 7469 2413 89 2415 89 
2415 2365 8065 2465 4484 2414 89 2416 89 
2416 2366 3480 2466 483 2415 89 2417 89 
2417 2367 7113 2467 3420 2416 89 2418 89 
2418 2368 9523 2468 3401 2417 89 2419 89 
2419 2369 2043 2469 3296 2418 89 2420 89 
2420 2370 9509 2470 3170 2419 89 2421 89 
2421 2371 552 2471 7640 2420 89 2422 89 
2422 2372 5035 2472 6358 2421 89 2423 89 
2423 2373 8447 2473 389 2422 89 2424 89 
2424 2374 939 2474 7825 2423 89 2425 89 
2425 2375 4481 2475 1272 2424 89 2426 89 
2426 2376 1716 2476 4127 2425 89 2427 89 
2427 2377 4420 2477 8778 2426 89 2428 89 
2428 2378 4041 2478 6018 2427 89 2429 89 
2429 2379 4783 2479 4977 2428 89 2430 89 
2430 2380 3809 2480 9254 2429 89 2431 89 
2431 2381 7332 2481 2807 2430 89 2432 89 
2432 2382 9888 2482 1687 2431 89 2433 89 
2433 2383 924 2483 281 2432 89 2434 89 
2434 2384 7753 2484 7333 2433 89 2435 89 
2435 2385 2590 2485 6844 2434 89 2436 89 
2436 2386 9599 2486 2246 2435 89 2437 89 
2437 2387 2566 2487 9988 2436 89 2438 89 
2438 2388 6461 2488 67 2437 89 2439 89 
2439 2389 3399 2489 8631 2438 89 2440 89 
2440 2390 7888 2490 9388 2439 89 2441 89 
2441 2391 6711 2491 8073 2440 89 2442 89 
2442 2392 7220 2492 5177 2441 89 2443 89 
2443 2393 186 2493 9767 2442 89 2444 89 
2444 2394 4915 2494 5966 2443 89 2445 89 
2445 2395 7386 2495 8997 2444 89 2446 89 
2446 2396 4602 2496 602 2445 89 2447 89 
2447 2397 8395 2497 2801 2446 89 2448 89 
2448 2398 851 2498 2416 2447 89 2449 89 
2449 2399 4124 2499 355 2448 89 
2450 2400 6789 2451 89 
2451 2401 359 2450 89 2452 89 
2452 2402 4676 2451 89 2453 89 
2453 2403 8175 2452 89 2454 89 
2454 2404 5157 2453 89 2455 89 
2455 2405 1966 2454 89 2456 89 
2456 2406 2656 2455 89 2457 89 
2457 2407 6872 2456 89 2458 89 
2458 2408 6386 2457 89 2459 89 
2459 2409 3048 2458 89 2460 89 
2460 2410 1655 2459 89 2461 89 
2461 2411 6546 2460 89 2462 89 
2462 2412 380 2461 89 2463 89 
2463 2413 7894 2462 89 2464 89 
2464 2414 7469 2463 89 2465 89 
2465 2415 4484 2464 89 2466 89 
2466 2416 483 2465 89 2467 89 
2467 2417 3420 2466 89 2468 89 
2468 2418 3401 2467 89 2469 89 
2469 2419 3296 2468 89 2470 89 
2470 2420 3170 2469 89 2471 89 
2471 2421 7640 2470 89 2472 89 
2472 2422 6358 2471 89 2473 89 
2473 2423 389 2472 89 2474 89 
2474 2424 7825 2473 89 2475 89 
2475 2425 1272 2474 89 2476 89 
2476 2426 4127 2475 89 2477 89 
2477 2427 8778 2476 89 2478 89 
2478 2428 6018 2477 89 2479 89 
2479 2429 4977 2478 89 2480 89 
2480 2430 9254 2479 89 2481 89 
2481 2431 2807 2480 89 2482 89 
2482 2432 1687 2481 89 2483 89 
2483 2433 281 2482 89 2484 89 
2484 2434 7333 2483 89 2485 89 
2485 2435 6844 2484 89 2486 89 
2486 2436 2246 2485 89 2487 89 
2487 2437 9988 2486 89 2488 89 
2488 2438 67 2487 89 2489 89 
2489 2439 8631 2488 89 2490 89 
2490 2440 9388 2489 89 2491 89 
2491 2441 8073 2490 89 2492 89 
2492 2442 5177 2491 89 2493 89 
2493 2443 9767 2492 89 2494 89 
2494 2444 5966 2493 89 2495 89 
2495 2445 8997 2494 89 2496 89 
2496 2446 602 2495 89 2497 89 
2497 2447 2801 2496 89 2498 89 
2498 2448 2416 2497 89 2499 89 
2499 2449 355 2498 89 
